0 36481.411609201750252 36481.411609201750252 
1 35443.423353837024479 35725.454532330251823 
2 34533.105719877283263 34985.162175568657403 
3 33678.514012809479027 34260.209939196109190 
4 32864.451121473641251 33550.279949751675304 
5 32083.572600552019139 32855.060920654752408 
6 31331.360011803219095 32174.248015713634231 
7 30604.690731145525206 31507.542715462514025 
8 29901.247983463385026 30854.652686268109392 
9 29219.226318429300591 30215.291652148658613 
10 28557.166436323397647 29589.179269249070785 
11 27913.854905240237713 28976.041002917121659 
12 27288.259616611834645 28375.608007326874940 
13 26679.486320882009750 27787.617007596487383 
14 26086.748274422676332 27211.810184348756593 
15 25509.344395552208880 26647.935060663749027 
16 24946.643139947675081 26095.744391373973485 
17 24398.070335539065127 25554.996054653551255 
18 23863.099828703718231 25025.452945853838173 
19 23341.246170828202594 24506.882873538954300 
20 22832.058814529071242 23999.058457675619138 
21 22335.117446106498392 23501.757029932712612 
22 21850.028186328618176 23014.760536046745983 
23 21376.420463990256394 22537.855440210514644 
24 20913.944417257029272 22070.832631442983256 
25 20462.268713770889008 21613.487331899330457 
26 20021.078706478067033 21165.619007080982556 
27 19590.074861186003545 20727.031277906247851 
28 19168.971405998880073 20297.531834602963499 
29 18757.495163411167596 19876.932352385494596 
30 18355.384533917167573 19465.048408878992632 
31 17962.388606197098852 19061.699403254802746 
32 17578.266373748432670 18666.708477041487640 
33 17202.786041591389221 18279.902436576827313 
34 16835.724409642858518 17901.111677066710399 
35 16476.866321709163458 17530.170108217651432 
36 16126.004170934480499 17166.915081410359562 
37 15782.937454061981043 16811.187318382384547 
38 15447.472368097649451 16462.830841388546105 
39 15119.421443973204077 16121.692904808622188 
40 14798.603212630348935 15787.623928172171873 
41 14484.841899630118860 15460.477430571259902 
42 14177.967144956393895 15140.109966432222791 
43 13877.813745153900527 14826.381062618362193 
44 13584.221415335548954 14519.153156835986010 
45 13297.034568925928397 14218.291537316776157 
46 13016.102113288196051 13923.664283750040340 
47 12741.277259619388133 13635.142209438945429 
48 12472.417345701811428 13352.598804655377535 
49 12209.383670271106894 13075.910181168583222 
50 11952.041337910377479 12804.955017923279229 
51 11700.259113507268921 12539.614507843380125 
52 11453.909285421566892 12279.772305738084469 
53 11212.867536606378053 12025.314477287392947 
54 10977.012823009205022 11776.129449084761291 
55 10746.227258651610100 11532.107959714950994 
56 10520.396006849563491 11293.143011845617366 
57 10299.407177092103666 11059.129825311649256 
58 10083.151727144690085 10829.965791171691308 
59 9871.523369986685793 10605.550426716676157 
60 9664.418485230315127 10385.785331410666913 
61 9461.736034702082179 10170.574143744677713 
62 9263.377481897470716 9959.822498984562117 
63 9069.246715046234385 9753.437987794422952 
64 8879.249973549161950 9551.330115717433728 
65 8693.295777568398989 9353.410263496276457 
66 8511.294860572153993 9159.591648215802707 
67 8333.160104651582515 8969.789285250897592 
68 8158.806478442767911 8783.919951002842936 
69 7988.150977500396948 8601.902146407846885 
70 7821.112566982003045 8423.656061201731063 
71 7657.612126512703071 8249.103538925131943 
72 7497.572397110475322 8078.168042653840530 
73 7340.917930060921208 7910.774621439267321 
74 7187.575037638911454 7746.849877444326012 
75 7037.471745581746291 7586.321933760315915 
76 6890.537747225422208 7429.120402890687728 
77 6746.704359221720551 7275.176355887882892 
78 6605.904478759448466 7124.422292129712332 
79 6468.072542218367744 6976.792109722021451 
80 6333.144485189022816 6832.221076514651941 
81 6201.057703796012902 6690.645801718018447 
82 6071.751017266215968 6552.004208107820887 
83 5945.164631687110159 6416.235504805736127 
84 5821.240104903645260 6283.280160624135533 
85 5699.920312505284528 6153.079877963142280 
86 5581.149414857610282 6025.577567248591549 
87 5464.872825135522362 5900.717321899676790 
88 5351.037178317510552 5778.444393815305375 
89 5239.590301102735793 5658.705169368427960 
90 5130.481182714708666 5541.447145897801420 
91 5023.659946557316289 5426.618908686877148 
92 4919.077822690755966 5314.170108419734788 
93 4816.687121096570081 5204.051439104165183 
94 4716.441205702602929 5096.214616452220071 
95 4618.294469140104411 4990.612356708759762 
96 4522.202308206586167 4887.198355918703783 
97 4428.121100009322618 4785.927269623906795 
98 4336.008178765567209 4686.754692980739492 
99 4245.821813236669186 4589.637141289679676 
100 4157.521184774350331 4494.532030928350650 
101 4071.066365958372444 4401.397660679669571 
102 3986.418299805734023 4310.193193446904843 
103 3903.538779532444096 4220.878638347625383 
104 3822.390428849743785 4133.414833178699155 
105 3742.936682777376063 4047.763427244644845 
106 3665.141768957294062 3963.886864541807881 
107 3588.970689451854923 3881.748367290990700 
108 3514.389203011220616 3801.311919811314965 
109 3441.363807795304638 3722.542252728242602 
110 3369.861724536170641 3645.404827508838935 
111 3299.850880127385153 3569.865821317484460 
112 3231.299891627324087 3495.892112185408678 
113 3164.178050663935664 3423.451264487530352 
114 3098.455308228980812 3352.511514720247305 
115 3034.102259850154496 3283.041757573933410 
116 2971.090131130010377 3215.011532294035987 
117 2909.390763640917612 3148.391009324795505 
118 2848.976601165807097 3083.150977229728142 
119 2789.820676274676316 3019.262829883143695 
120 2731.896597227343136 2956.698553927069497 
121 2675.178535193148946 2895.430716488095186 
122 2619.641211778705383 2835.432453148740024 
123 2565.259886855067634 2776.677456168079061 
124 2512.010346676032896 2719.139962946452670 
125 2459.868892279509055 2662.794744729211288 
126 2408.812328164232440 2607.617095544535914 
127 2358.817951234291741 2553.582821370485362 
128 2309.863540004248989 2500.668229526523191 
129 2261.927344057821756 2448.850118284866312 
130 2214.988073753373556 2398.105766697108720 
131 2169.024890169612718 2348.412924631650640 
132 2124.017395285204202 2299.749803017573868 
133 2079.945622386094783 2252.095064290675055 
134 2036.790026694650351 2205.427813037478245 
135 1994.531476214794566 2159.727586833117584 
136 1953.151242787607771 2114.974347269073405 
137 1912.630993351932375 2071.148471166832678 
138 1872.952781404778761 2028.230741973611657 
139 1834.099038656417861 1986.202341336380186 
140 1796.052566875245475 1945.044840850481933 
141 1758.796529917613952 1904.740193979239621 
142 1722.314445938024164 1865.270728140998699 
143 1686.590179775131219 1826.619136960141532 
144 1651.607935509236313 1788.768472678674016 
145 1617.352249186981680 1751.702138725056102 
146 1583.807981709164096 1715.403882437020002 
147 1550.960311877627419 1679.857787935182841 
148 1518.794729597383139 1645.048269144331016 
149 1487.297029230152248 1610.960062959316247 
150 1456.453303095687716 1577.578222552562920 
151 1426.249935117273935 1544.888110820259044 
152 1396.673594607972518 1512.875393964351133 
153 1367.711230194209975 1481.526035207530413 
154 1339.350063873464023 1450.826288638458209 
155 1311.577585202821183 1420.762693184525233 
156 1284.381545615327468 1391.322066709508363 
157 1257.749952861118572 1362.491500233532406 
158 1231.671065570371184 1334.258352272804814 
159 1206.133387935227120 1306.610243296640192 
160 1181.125664507927695 1279.535050299345585 
161 1156.636875112400276 1253.020901484584783 
162 1132.656229866726790 1227.056171059892222 
163 1109.173164313855750 1201.629474139052491 
164 1086.177334658117161 1176.729661750113337 
165 1063.658613105060340 1152.345815946837774 
166 1041.607083302261344 1128.467245021458666 
167 1020.013035878787605 1105.083478816631214 
168  998.866964081052174 1082.184264134530167 
169  978.159559502878892 1059.759560241078589 
170  957.881707907621035 1037.799534463337068 
171  938.024485140250363 1016.294557878121168 
172  918.579153127400446  995.235201089959787 
173  899.537155963344276  974.612230096539747 
174  880.890116080003281  954.416602239827284 
175  862.629830499079617  934.639462241087244 
176  844.748267164489903  915.272138318064776 
177  827.237561353281990  896.306138382625591 
178  810.090012163304664  877.733146317186879 
179  793.298079075904980  859.545018328307151 
180  776.854378591997488  841.733779375836662 
181  760.751680939862695  824.291619676060691 
182  744.982906853115082  807.210891277305109 
183  729.541124417242486  790.484104706499465 
184  714.419545983259923  774.103925685230934 
185  699.611525146948566  758.063171913845736 
186  685.110553792281621  742.354809922190157 
187  670.910259197594996  726.971951985609508 
188  657.004401203141583  711.907853104852620 
189  643.386869438685494  697.155908048558217 
190  630.051680609835103  682.709648457025423 
191  616.992975841801808  668.562740006000354 
192  604.205018079372849  654.708979629232090 
193  591.682189541848288  641.142292798583298 
194  579.418989231760634  627.856730860501443 
195  567.410030496199965  614.846468427682680 
196  555.650038639623517  602.105800824784410 
197  544.133848587009311  589.629141587068148 
198  532.856402596296334  577.411020010873926 
199  521.812748019019068  565.446078754853261 
200  510.998035108114493  553.729071490908723 
201  500.407514871878732  542.254860603809902 
202  490.036536973092950  531.018414938477576 
203  479.880547672323587  520.014807593947694 
204  469.935087814472524  509.239213763048383 
205  460.195790857636723  498.686908616842004 
206  450.658380943378916  488.353265232906040 
207  441.318671007507078  478.233752566543046 
208  432.172560930527368  468.323933464030517 
209  423.216035726887640  458.619462717039653 
210  414.445163772208787  449.116085157370264 
211  405.856095067672129  439.809633791165481 
212  397.445059540804948  430.696027971788851 
213  389.208365381848580  421.771271610563133 
214  381.142397414986476  413.031451424584532 
215  373.243615503658987  404.472735220846232 
216  365.508552989280190  396.091370215917379 
217  357.933815162608937  387.883681390440984 
218  350.516077767103525  379.846069877729860 
219  343.252085533577485  371.975011385753476 
220  336.138650745494829  364.267054651823514 
221  329.172651834251553  356.718819929301787 
222  322.351032003811952  349.326997505665418 
223  315.670797884078922  342.088346251280541 
224  309.129018212393078  334.999692198247828 
225  302.722822542557594  328.057927148696876 
226  296.449399980829298  321.260007311918969 
227  290.305997948272818  314.602951969740900 
228  284.289920968961269  308.083842169554316 
229  278.398529483445259  301.699819444427817 
230  272.629238686981921  295.448084559740892 
231  266.979517391979641  289.325896285789042 
232  261.446886914181675  283.330570195823157 
233  256.028919982049160  277.459477488995333 
234  250.723239668895360  271.710043837695252 
235  245.527518347258251  266.079748258771929 
236  240.439476665069947  260.566122008145442 
237  235.456882543147287  255.166747498324213 
238  230.577550193577792  249.879257238353404 
239  225.799339158536043  244.701332795729030 
240  221.120153369116537  239.630703779823307 
241  216.537940223770875  234.665146846374967 
242  212.050689685922123  229.802484722608284 
243  207.656433400354558  225.040585252553484 
244  203.353243828015451  220.377360462149227 
245  199.139233398794346  215.810765643718412 
246  195.012553681946116  211.338798459414733 
247  190.971394573769572  206.959498063247622 
248  187.013983502181645  202.670944241300020 
249  183.138584647829617  198.471256569762801 
250  179.343498181416948  194.358593590415609 
251  175.627059516873288  190.331152003193495 
252  171.987638580057251  186.387165875484897 
253  168.423639092666690  182.524905867814198 
254  164.933497871039975  178.742678475569448 
255  161.515684139507925  175.038825286443085 
256  158.168698858048629  171.411722253259342 
257  154.891074063891892  167.859778981870193 
258  151.681372226822589  164.381438033807086 
259  148.538185617862439  160.975174243383293 
260  145.460135691082172  157.639494048946574 
261  142.445872478250976  154.372934837989789 
262  139.494073996061985  151.174064305831820 
263  136.603445665672609  148.041479827587693 
264  133.772719744298485  144.973807843152599 
265  131.000654768615277  141.969703254930010 
266  128.286035009723832  139.027848838040057 
267  125.627669939414943  136.146954662749181 
268  123.024393707544348  133.325757528868337 
269  120.475064630237100  130.563020411870951 
270  117.978564688735034  127.857531920488753 
271  115.533799038631685  125.208105765546946 
272  113.139695529311368  122.613580239805884 
273  110.795204233349367  120.072817708581553 
274  108.499296985698081  117.584704110921081 
275  106.250966932419260  115.148148471114879 
276  104.049228088798415  112.762082420330998 
277  101.893114906616916  110.425459728162053 
278   99.781681850421066  108.137255843879316 
279   97.714002982564168  105.896467447192791 
280   95.689171556881917  103.702112008320299 
281   93.706299620776420  101.553227357172730 
282   91.764517625576175   99.448871261466422 
283   89.862974044974663   97.388121013577845 
284   88.000835001382313   95.370073025959329 
285   86.177283900024932   93.393842434938549 
286   84.391521070652729   91.458562712727755 
287   82.642763416664508   89.563385287473096 
288   80.930244071521528   87.707479171176971 
289   79.253212062273292   85.890030595330543 
290   77.610931980089049   84.110242654096595 
291   76.002683657598851   82.367334954886147 
292   74.427761852943050   80.660543276175844 
293   72.885475940363179   78.989119232415845 
294   71.375149607223818   77.352329945881493 
295   69.896120557306403   75.749457725324675 
296   68.447740220262432   74.179799751284165 
297   67.029373467091418   72.642667767916791 
298   65.640398331523414   71.137387781214457 
299   64.280205737170959   69.663299763474569 
300   62.948199230346596   68.219757363894388 
301   61.643794718419443   66.806127625162333 
302   60.366420213597713   65.421790705921978 
303   59.115515582018091   64.066139608987086 
304   57.890532298052818   62.738579915188517 
305   56.690933203692431   61.438529522736268 
306   55.516192272935776   60.165418391982328 
307   54.365794381050762   58.918688295472535 
308   53.239235078628447   57.697792573177786 
309   52.136020370317141   56.502195892797246 
310   51.055666498152178   55.331374015028516 
311   49.997699729361763   54.184813563701731 
312   48.961656148589469   53.062011800676984 
313   47.947081454417862   51.962476405406186 
314   46.953530760108094   50.885725259062738 
315   45.980568398470332   49.831286233144553 
316   45.027767730787396   48.798696982457408 
317   44.094710959689436   47.787504742388180 
318   43.180988945916297   46.797266130378802 
319   42.286201028870622   45.827546951514144 
320   41.409954850900760   44.877922008138334 
321   40.551866185216696   43.947974913416203 
322   39.711558767380723   43.037297908758077 
323   38.888664130284901   42.145491685027785 
324   38.082821442554142   41.272165207455593 
325   37.293677350298090   40.416935544179182 
326   36.520885822141750   39.579427698337639 
327   35.764107997467647   38.759274443644628 
328   35.023012037811910   37.956116163368897 
329   34.297272981329129   37.169600692651258 
330   33.586572600278600   36.399383164089116 
331   32.890599261463237   35.645125856520735 
332   32.209047789572935   34.906498046942900 
333   31.541619333338737   34.183175865497169 
334   30.888021234482398   33.474842153460990 
335   30.247966899364769   32.781186324181562 
336   29.621175673312308   32.101904226891286 
337   29.007372717530686   31.436698013345307 
338   28.406288888582427   30.785276007222436 
339   27.817660620356293   30.147352576232386 
340   27.241229808485361   29.522648006873162 
341   26.676743697159242   28.910888381783636 
342   26.123954768288442   28.311805459637643 
343   25.582620632950089   27.725136557526856 
344   25.052503925105732   27.150624435780873 
345   24.533372197501389   26.588017185174053 
346   24.024997819736999   26.037068116469605 
347   23.527157878446921   25.497535652252520 
348   23.039634079548318   24.969183221003895 
349   22.562212652508759   24.451779153370232 
350   22.094684256612087   23.945096580582209 
351   21.636843889154868   23.448913334978386 
352   21.188490795549765   22.963011852590242 
353   20.749428381293775   22.487179077745772 
354   20.319464125755410   22.021206369649935 
355   19.898409497752141   21.564889410900847 
356   19.486079872884709   21.118028117901709 
357   19.082294452566604   20.680426553129134 
358   18.686876184752865   20.251892839219451 
359   18.299651686292645   19.832239074835247 
360   17.920451166905341   19.421281252275342 
361   17.549108354721344   19.018839176792000 
362   17.185460423377826   18.624736387580018 
363   16.829347920613149   18.238800080403081 
364   16.480614698347480   17.860861031823404 
365   16.139107844214777   17.490753525001502 
366   15.804677614507399   17.128315277033462 
367   15.477177368513457   16.773387367793962 
368   15.156463504216269   16.425814170253751 
369   14.842395395324161   16.085443282241087 
370   14.534835329604759   15.752125459617192 
371   14.233648448499677   15.425714550836410 
372   13.938702687995088   15.106067432862414 
373   13.649868720701043   14.793043948412320 
374   13.367019899148774   14.486506844501223 
375   13.090032200253868   14.186321712260183 
376   12.818784170939692   13.892356928001290 
377   12.553156874868090   13.604483595503970 
378   12.293033840301476   13.322575489497201 
379   12.038301009016049   13.046509000312888 
380   11.788846686299850   12.776163079686105 
381   11.544561491969397   12.511419187678458 
382   11.305338312411484   12.252161240701271 
383   11.071072253607960   11.998275560615840 
384   10.841660595148603   11.749650824888397 
385   10.617002745182683   11.506178017777966 
386   10.397000196316903   11.267750382535679 
387   10.181556482416179   11.034263374594603 
388    9.970577136306757   10.805614615729560 
389    9.763969648350672   10.581703849166830 
390    9.561643425886151   10.362432895624057 
391    9.363509753497464   10.147705610261088 
392    9.169481754121700    9.937427840522854 
393    8.979474350948985    9.731507384855830 
394    8.793404230117089    9.529853952279952 
395    8.611189804183907    9.332379122798278 
396    8.432751176348194    9.138996308627027 
397    8.258010105419421    8.949620716228994 
398    8.086889971511024    8.764169309133699 
399    7.919315742433113    8.582560771527975 
400    7.755213940806502    8.404715472601007 
401    7.594512611837373    8.230555431628208 
402    7.437141291766344    8.060004283778625 
403    7.283030976970662    7.892987246630857 
404    7.132114093709006    7.729431087382840 
405    6.984324468486662    7.569264090741082 
406    6.839597299049924    7.412416027475302 
407    6.697869125960403    7.258818123624666 
408    6.559077804775278    7.108403030342117 
409    6.423162478797079    6.961104794363592 
410    6.290063552390088    6.816858829089157 
411    6.159722664840890    6.675601886263401 
412    6.032082664784207    6.537272028242647 
413    5.907087585126823    6.401808600836850 
414    5.784682618514887    6.269152206714240 
415    5.664814093303788    6.139244679357080 
416    5.547429450019496    6.012029057557098 
417    5.432477218310075    5.887449560439420 
418    5.319906994385911    5.765451563004047 
419    5.209669418912709    5.645981572174159 
420    5.101716155366690    5.528987203340729 
421    4.995999868845623    5.414417157393189 
422    4.892474205309405    5.302221198226042 
423    4.791093771254875    5.192350130711592 
424    4.691814113813099    5.084755779129100 
425    4.594591701255905    4.979390966040937 
426    4.499383903912938    4.876209491606456 
427    4.406148975470660    4.775166113324513 
428    4.314846034676268    4.676216526195759 
429    4.225435047406486    4.579317343296008 
430    4.137876809117902    4.484426076752149 
431    4.052132927651338    4.391501119112275 
432    3.968165806402329    4.300501725101856 
433    3.885938627833234    4.211387993757951 
434    3.805415337331722    4.124120850933632 
435    3.726560627395333    4.038662032164947 
436    3.649339922160985    3.954974065892906 
437    3.573719362233118    3.873020257033140 
438    3.499665789845890    3.792764670886019 
439    3.427146734318077    3.714172117380186 
440    3.356130397820460    3.637208135642590 
441    3.286585641425592    3.561838978888248 
442    3.218481971460023    3.488031599623127 
443    3.151789526135293    3.415753635153643 
444    3.086479062448718    3.344973393396424 
445    3.022521943362500    3.275659838982123 
446    2.959890125251535    3.207782579647189 
447    2.898556145602774    3.141311852907609 
448    2.838493110972616    3.076218513008808 
449    2.779674685193409    3.012474018145962 
450    2.722075077833306    2.950050417949128 
451    2.665669032880492    2.888920341227704 
452    2.610431817673600    2.829056983968846 
453    2.556339212050776    2.770434097584577 
454    2.503367497739356    2.713025977402437 
455    2.451493447945732    2.656807451394625 
456    2.400694317179880    2.601753869140695 
457    2.350947831273772    2.547841091018956 
458    2.302232177620162    2.495045477621860 
459    2.254525995606644    2.443343879390701 
460    2.207808367249573    2.392713626465122 
461    2.162058808021163    2.343132518742937 
462    2.117257257872316    2.294578816145950 
463    2.073384072428420    2.247031229087465 
464    2.030420014380623    2.200468909137338 
465    1.988346245052436    2.154871439880460 
466    1.947144316136052    2.110218827964669 
467    1.906796161603289    2.066491494334164 
468    1.867284089786792    2.023670265644574 
469    1.828590775620161    1.981736365855933 
470    1.790699253044779    1.940671407999847 
471    1.753592907563531    1.900457386117272 
472    1.717255468964462    1.861076667363350 
473    1.681671004178964    1.822511984275843 
474    1.646823910300472    1.784746427203788 
475    1.612698907739614    1.747763436893032 
476    1.579281033530120    1.711546797225413 
477    1.546555634763676    1.676080628108400 
478    1.514508362164663    1.641349378512067 
479    1.483125163795538    1.607337819650351 
480    1.452392278903447    1.574031038303617 
481    1.422296231879671    1.541414430279577 
482    1.392823826354944    1.509473694009718 
483    1.363962139410075    1.478194824278422 
484    1.335698515911271    1.447564106082028 
485    1.308020562961270    1.417568108615147 
486    1.280916144465915    1.388193679381584 
487    1.254373375809410    1.359427938427304 
488    1.228380618646711    1.331258272692885 
489    1.202926475799030    1.303672330483015 
490    1.177999786257843    1.276658016050576 
491    1.153589620287624    1.250203484292964 
492    1.129685274639072    1.224297135558303 
493    1.106276267846525    1.198927610559294 
494    1.083352335645083    1.174083785392443 
495    1.060903426456845    1.149754766660514 
496    1.038919696996293    1.125929886696041 
497    1.017391507943027    1.102598698883826 
498    0.996309419722564    1.079750973080357 
499    0.975664188361467    1.057376691128145 
500    0.955446761440685    1.035466042463013 
501    0.935648274120431    1.014009419812408 
502    0.916260045257151    0.992997414982853 
503    0.897273573591966    0.972420814734686 
504    0.878680534031369    0.952270596742287 
505    0.860472773990448    0.932537925638014 
506    0.842642309819142    0.913214149138113 
507    0.825181323300057    0.894290794248906 
508    0.808082158227289    0.875759563551600 
509    0.791337317042820    0.857612331564071 
510    0.774939457550128    0.839841141178045 
511    0.758881389694790    0.822438200170103 
512    0.743156072414140    0.805395877784989 
513    0.727756610548173    0.788706701389712 
514    0.712676251816620    0.772363353196980 
515    0.697908383856168    0.756358667056541 
516    0.683446531325031    0.740685625312996 
517    0.669284353061208    0.725337355728736 
518    0.655415639301315    0.710307128470642 
519    0.641834308958921    0.695588353159211 
520    0.628534406962123    0.681174575978850 
521    0.615510101632794    0.667059476848029 
522    0.602755682139197    0.653236866648092 
523    0.590265555982665    0.639700684509475 
524    0.578034246557788    0.626444995154174 
525    0.566056390736518    0.613463986293264 
526    0.554326736528851    0.600751966078366 
527    0.542840140775120    0.588303360605905 
528    0.531591566885474    0.576112711473097 
529    0.520576082642871    0.564174673384575 
530    0.509788858032529    0.552484011808608 
531    0.499225163123081    0.541035600681892 
532    0.488880365999296    0.529824420161900 
533    0.478749930725307    0.518845554425803 
534    0.468829415357714    0.508094189515006 
535    0.459114469997717    0.497565611224350 
536    0.449600834882986    0.487255203035044 
537    0.440284338519703    0.477158444090445 
538    0.431160895860352    0.467270907213770 
539    0.422226506502032    0.457588256966888 
540    0.413477252936147    0.448106247749346 
541    0.404909298832494    0.438820721936770 
542    0.396518887357700    0.429727608057857 
543    0.388302339524864    0.420822919009135 
544    0.380256052582966    0.412102750306714 
545    0.372376498435950    0.403563278374274 
546    0.364660222098059    0.395200758866516 
547    0.357103840170649    0.387011525027364 
548    0.349704039370168    0.378991986082180 
549    0.342457575067930    0.371138625663305 
550    0.335361269870569    0.363448000268213 
551    0.328412012223955    0.355916737749625 
552    0.321606755054000    0.348541535836907 
553    0.314942514423733    0.341319160688103 
554    0.308416368229943    0.334246445471981 
555    0.302025454919516    0.327320288979452 
556    0.295766972238680    0.320537654263771 
557    0.289638175996968    0.313895567308907 
558    0.283636378870987    0.307391115725518 
559    0.277758949218679    0.301021447473933 
560    0.272003309938390    0.294783769613610 
561    0.266366937324181    0.288675347078501 
562    0.260847359967387    0.282693501477787 
563    0.255442157669516    0.276835609921480 
564    0.250148960386370    0.271099103870343 
565    0.244965447181317    0.265481468009657 
566    0.239889345213741    0.259980239146311 
567    0.234918428739170    0.254593005128760 
568    0.230050518136311    0.249317403789350 
569    0.225283478945460    0.244151121908573 
570    0.220615220940429    0.239091894200774 
571    0.216043697204239    0.234137502320880 
572    0.211566903240659    0.229285773891714 
573    0.207182876085389    0.224534581551457 
574    0.202889693450612    0.219881842020857 
575    0.198685472885023    0.215325515189763 
576    0.194568370942578    0.210863603222583 
577    0.190536582374798    0.206494149682289 
578    0.186588339345268    0.202215238672565 
579    0.182721910647068    0.198024993997734 
580    0.178935600947980    0.193921578340094 
581    0.175227750044640    0.189903192454299 
582    0.171596732139889    0.185968074378437 
583    0.168040955119565    0.182114498661453 
584    0.164558859866118    0.178340775606578 
585    0.161148919566687    0.174645250530444 
586    0.157809639049395    0.171026303037547 
587    0.154539554119807    0.167482346309738 
588    0.151337230928776    0.164011826410449 
589    0.148201265337994    0.160613221603328 
590    0.145130282305435    0.157285041684995 
591    0.142122935279272    0.154025827331628 
592    0.139177905612950    0.150834149459082 
593    0.136293901984479    0.147708608596274 
594    0.133469659833199    0.144647834271548 
595    0.130703940798351    0.141650484411760 
596    0.127995532179068    0.138715244753810 
597    0.125343246405685    0.135840828268370 
598    0.122745920519251    0.133025974595557 
599    0.120202415655823    0.130269449492294 
600    0.117711616553217    0.127570044291125 
601    0.115272431056609    0.124926575370247 
602    0.112883789645801    0.122337883634518 
603    0.110544644959575    0.119802834007226 
604    0.108253971343178    0.117320314932384 
605    0.106010764388865    0.114889237887340 
606    0.103814040509570    0.112508536905490 
607    0.101662836497075    0.110177168108875 
608    0.099556209101478    0.107894109250468 
609    0.097493234619242    0.105658359265945 
610    0.095473008488434    0.103468937834742 
611    0.093494644887519    0.101324884950209 
612    0.091557276354656    0.099225260498671 
613    0.089660053404494    0.097169143847213 
614    0.087802144151086    0.095155633440003 
615    0.085982733945427    0.093183846402984 
616    0.084201025023206    0.091252918156757 
617    0.082456236148682    0.089362002037481 
618    0.080747602276947    0.087510268925635 
619    0.079074374215015    0.085696906882469 
620    0.077435818292984    0.083921120793987 
621    0.075831216044182    0.082182132022313 
622    0.074259863892943    0.080479178064277 
623    0.072721072838411    0.078811512217072 
624    0.071214168158825    0.077178403250849 
625    0.069738489114408    0.075579135088090 
626    0.068293388657697    0.074013006489621 
627    0.066878233147425    0.072479330747144 
628    0.065492402073729    0.070977435382125 
629    0.064135287783208    0.069506661850934 
630    0.062806295216593    0.068066365256087 
631    0.061504841642501    0.066655914063478 
632    0.060230356408042    0.065274689825463 
633    0.058982280679543    0.063922086909690 
634    0.057760067211123    0.062597512233539 
635    0.056563180090505    0.061300385004077 
636    0.055391094512300    0.060030136463391 
637    0.054243296545288    0.058786209639199 
638    0.053119282911127    0.057568059100638 
639    0.052018560756720    0.056375150719102 
640    0.050940647442554    0.055206961434040 
641    0.049885070331902    0.054062979023609 
642    0.048851366579203    0.052942701880075 
643    0.047839082932294    0.051845638789872 
644    0.046847775529955    0.050771308718219 
645    0.045877009707227    0.049719240598193 
646    0.044926359809411    0.048688973124185 
647    0.043995408997732    0.047680054549621 
648    0.043083749075701    0.046692042488889 
649    0.042190980300978    0.045724503723362 
650    0.041316711219156    0.044777014011440 
651    0.040460558483601    0.043849157902534 
652    0.039622146694053    0.042940528554899 
653    0.038801108226667    0.042050727557245 
654    0.037997083078350    0.041179364754045 
655    0.037209718701096    0.040326058074458 
656    0.036438669856125    0.039490433364804 
657    0.035683598457155    0.038672124224504 
658    0.034944173426021    0.037870771845426 
659    0.034220070543975    0.037086024854552 
660    0.033510972310539    0.036317539159915 
661    0.032816567801244    0.035564977799719 
662    0.032136552537261    0.034828010794591 
663    0.031470628348642    0.034106315002894 
664    0.030818503246167    0.033399573979037 
665    0.030179891287309    0.032707477834721 
666    0.029554512457737    0.032029723103061 
667    0.028942092544656    0.031366012605524 
668    0.028342363017723    0.030716055321623 
669    0.027755060908438    0.030079566261312 
670    0.027179928702056    0.029456266340025 
671    0.026616714216198    0.028845882256303 
672    0.026065170496279    0.028248146371961 
673    0.025525055702232    0.027662796594734 
674    0.024996133008603    0.027089576263354 
675    0.024478170495087    0.026528234035013 
676    0.023970941048582    0.025978523775155 
677    0.023474222260386    0.025440204449552 
678    0.022987796333966    0.024913040018617 
679    0.022511449981041    0.024396799333903 
680    0.022044974337576    0.023891256036756 
681    0.021588164865135    0.023396188459059 
682    0.021140821264644    0.022911379526036 
683    0.020702747385818    0.022436616661070 
684    0.020273751145405    0.021971691692494 
685    0.019853644437892    0.021516400762316 
686    0.019442243058210    0.021070544236825 
687    0.019039366616629    0.020633926619064 
688    0.018644838464765    0.020206356463106 
689    0.018258485608408    0.019787646290109 
690    0.017880138643014    0.019377612506113 
691    0.017509631670293    0.018976075321538 
692    0.017146802234641    0.018582858672351 
693    0.016791491243126    0.018197790142867 
694    0.016443542901967    0.017820700890146 
695    0.016102804642735    0.017451425569963 
696    0.015769127064201    0.017089802264307 
697    0.015442363853315    0.016735672410385 
698    0.015122371732196    0.016388880731095 
699    0.014809010394836    0.016049275166941 
700    0.014502142439838    0.015716706809360 
701    0.014201633311214    0.015391029835428 
702    0.013907351245598    0.015072101443921 
703    0.013619167204872    0.014759781792699 
704    0.013336954829684    0.014453933937392 
705    0.013060590375368    0.014154423771347 
706    0.012789952665198    0.013861119966834 
707    0.012524923029505    0.013573893917455 
708    0.012265385259917    0.013292619681756 
709    0.012011225555899    0.013017173928005 
710    0.011762332474988    0.012747435880115 
711    0.011518596881831    0.012483287264684 
712    0.011279911905369    0.012224612259137 
713    0.011046172890067    0.011971297440942 
714    0.010817277345364    0.011723231737872 
715    0.010593124906606    0.011480306379309 
716    0.010373617290490    0.011242414848547 
717    0.010158658244224    0.011009452836086 
718    0.009948153518080    0.010781318193899 
719    0.009742010807415    0.010557910890641 
720    0.009540139724468    0.010339132967784 
721    0.009342451754533    0.010124888496669 
722    0.009148860218264    0.009915083536445 
723    0.008959280228061    0.009709626092873 
724    0.008773628657787    0.009508426077991 
725    0.008591824104498    0.009311395270615 
726    0.008413786853711    0.009118447277654 
727    0.008239438838183    0.008929497496230 
728    0.008068703610437    0.008744463076578 
729    0.007901506308842    0.008563262885725 
730    0.007737773620937    0.008385817471909 
731    0.007577433752026    0.008212049029746 
732    0.007420416399968    0.008041881366111 
733    0.007266652714151    0.007875239866730 
734    0.007116075273459    0.007712051463467 
735    0.006968618054192    0.007552244602278 
736    0.006824216400406    0.007395749211844 
737    0.006682806996086    0.007242496672843 
738    0.006544327835074    0.007092419787861 
739    0.006408718197316    0.006945452751930 
740    0.006275918622363    0.006801531123673 
741    0.006145870882085    0.006660591797049 
742    0.006018517953965    0.006522572973680 
743    0.005893803994995    0.006387414135758 
744    0.005771674323043    0.006255056019505 
745    0.005652075386149    0.006125440589192 
746    0.005534954743291    0.005998511011686 
747    0.005420261038041    0.005874211631538 
748    0.005307943983895    0.005752487946570 
749    0.005197954330565    0.005633286583985 
750    0.005090243850011    0.005516555276961 
751    0.004984765314092    0.005402242841734 
752    0.004881472474436    0.005290299155154 
753    0.004780320037509    0.005180675132708 
754    0.004681263652575    0.005073322706999 
755    0.004584259884463    0.004968194806667 
756    0.004489266201542    0.004865245335753 
757    0.004396240949100    0.004764429153482 
758    0.004305143339117    0.004665702054476 
759    0.004215933425729    0.004569020749366 
760    0.004128572094869    0.004474342845811 
761    0.004043021038662    0.004381626829916 
762    0.003959242747064    0.004290832048021 
763    0.003877200483489    0.004201918688880 
764    0.003796858275907    0.004114847766205 
765    0.003718180895229    0.004029581101570 
766    0.003641133845245    0.003946081307670 
767    0.003565683340001    0.003864311771929 
768    0.003491796299119    0.003784236640448 
769    0.003419440323453    0.003705820802279 
770    0.003348583688188    0.003629029874036 
771    0.003279195322316    0.003553830184812 
772    0.003211244802807    0.003480188761421 
773    0.003144702332378    0.003408073313937 
774    0.003079538735977    0.003337452221537 
775    0.003015725439491    0.003268294518632 
776    0.002953234465067    0.003200569881299 
777    0.002892038409222    0.003134248613972 
778    0.002832110441702    0.003069301636432 
779    0.002773424281431    0.003005700471050 
780    0.002715954199103    0.002943417230303 
781    0.002659674995774    0.002882424604544 
782    0.002604561993491    0.002822695850030 
783    0.002550591025192    0.002764204777191 
784    0.002497738426846    0.002706925739153 
785    0.002445981024648    0.002650833620488 
786    0.002395296126074    0.002595903826200 
787    0.002345661504312    0.002542112270947 
788    0.002297055397440    0.002489435368473 
789    0.002249456491258    0.002437850021273 
790    0.002202843915438    0.002387333610459 
791    0.002157197230481    0.002337863985846 
792    0.002112496423874    0.002289419456237 
793    0.002068721894122    0.002241978779916 
794    0.002025854447894    0.002195521155331 
795    0.001983875287548    0.002150026211973 
796    0.001942766006952    0.002105474001444 
797    0.001902508580982    0.002061844988713 
798    0.001863085359366    0.002019120043545 
799    0.001824479054121    0.001977280432120 
800    0.001786672737459    0.001936307808812 
801    0.001749649830607    0.001896184208148 
802    0.001713394102013    0.001856892036930 
803    0.001677889652307    0.001818414066523 
804    0.001643120915465    0.001780733425297 
805    0.001609072647034    0.001743833591231 
806    0.001575729917659    0.001707698384669 
807    0.001543078105581    0.001672311961225 
808    0.001511102895039    0.001637658804834 
809    0.001479790266024    0.001603723720955 
810    0.001449126488288    0.001570491829898 
811    0.001419098115026    0.001537948560309 
812    0.001389691981135    0.001506079642777 
813    0.001360895192626    0.001474871103576 
814    0.001332695123753    0.001444309258542 
815    0.001305079406418    0.001414380707068 
816    0.001278035934367    0.001385072326232 
817    0.001251552849454    0.001356371265039 
818    0.001225618541571    0.001328264938791 
819    0.001200221636230    0.001300741023566 
820    0.001175350997324    0.001273787450813 
821    0.001150995720473    0.001247392402063 
822    0.001127145127125    0.001221544303747 
823    0.001103788757678    0.001196231822119 
824    0.001080916373578    0.001171443858287 
825    0.001058517941450    0.001147169543348 
826    0.001036583644638    0.001123398233620 
827    0.001015103862682    0.001100119505978 
828    0.000994069179896    0.001077323153281 
829    0.000973470371328    0.001054999179896 
830    0.000953298404770    0.001033137797319 
831    0.000933544435517    0.001011729419879 
832    0.000914199804524    0.000990764660537 
833    0.000895256025763    0.000970234326770 
834    0.000876704795375    0.000950129416538 
835    0.000858537977128    0.000930441114339 
836    0.000840747605875    0.000911160787346 
837    0.000823325880841    0.000892279981616 
838    0.000806265164062    0.000873790418386 
839    0.000789557973097    0.000855683990446 
840    0.000773196985453    0.000837952758577 
841    0.000757175024620    0.000820588948077 
842    0.000741485066931    0.000803584945350 
843    0.000726120230897    0.000786933294564 
844    0.000711073781543    0.000770626694386 
845    0.000696339119352    0.000754657994778 
846    0.000681909785324    0.000739020193865 
847    0.000667779452351    0.000723706434861 
848    0.000653941924839    0.000708710003065 
849    0.000640391131704    0.000694024322917 
850    0.000627121133926    0.000679642955111 
851    0.000614126114372    0.000665559593777 
852    0.000601400374538    0.000651768063713 
853    0.000588938332984    0.000638262317676 
854    0.000576734527545    0.000625036433735 
855    0.000564783604261    0.000612084612670 
856    0.000553080324627    0.000599401175429 
857    0.000541619557971    0.000586980560643 
858    0.000530396278448    0.000574817322182 
859    0.000519405562728    0.000562906126769 
860    0.000508642593754    0.000551241751643 
861    0.000498102651776    0.000539819082266 
862    0.000487781115401    0.000528633110082 
863    0.000477673458268    0.000517678930323 
864    0.000467775248862    0.000506951739854 
865    0.000458082146000    0.000496446835069 
866    0.000448589902530    0.000486159609830 
867    0.000439294353150    0.000476085553445 
868    0.000430191425920    0.000466220248693 
869    0.000421277127151    0.000456559369883 
870    0.000412547547962    0.000447098680960 
871    0.000403998858145    0.000437834033650 
872    0.000395627312763    0.000428761365636 
873    0.000387429240818    0.000419876698778 
874    0.000379401049423    0.000411176137373 
875    0.000371539213629    0.000402655866441 
876    0.000363840288208    0.000394312150057 
877    0.000356300896968    0.000386141329708 
878    0.000348917735535    0.000378139822694 
879    0.000341687564548    0.000370304120554 
880    0.000334607215697    0.000362630787528 
881    0.000327673583205    0.000355116459052 
882    0.000320883627613    0.000347757840279 
883    0.000314234370845    0.000340551704638 
884    0.000307722898943    0.000333494892421 
885    0.000301346355288    0.000326584309389 
886    0.000295101945288    0.000319816925426 
887    0.000288986928798    0.000313189773202 
888    0.000282998627457    0.000306699946877 
889    0.000277134413113    0.000300344600823 
890    0.000271391713835    0.000294120948379 
891    0.000265768013866    0.000288026260631 
892    0.000260260847997    0.000282057865209 
893    0.000254867798454    0.000276213145120 
894    0.000249586503094    0.000270489537601 
895    0.000244414644021    0.000264884532994 
896    0.000239349955676    0.000259395673642 
897    0.000234390214984    0.000254020552819 
898    0.000229533248442    0.000248756813668 
899    0.000224776926257    0.000243602148170 
900    0.000220119164061    0.000238554296135 
901    0.000215557917334    0.000233611044204 
902    0.000211091188200    0.000228770224885 
903    0.000206717016863    0.000224029715600 
904    0.000202433487597    0.000219387437753 
905    0.000198238719564    0.000214841355821 
906    0.000194130875987    0.000210389476462 
907    0.000190108153586    0.000206029847637 
908    0.000186168787921    0.000201760557758 
909    0.000182311052184    0.000197579734847 
910    0.000178533256853    0.000193485545718 
911    0.000174833742466    0.000189476195172 
912    0.000171210890346    0.000185549925209 
913    0.000167663109609    0.000181705014256 
914    0.000164188844185    0.000177939776416 
915    0.000160786571847    0.000174252560727 
916    0.000157454800942    0.000170641750437 
917    0.000154192068769    0.000167105762295 
918    0.000150996945722    0.000163643045859 
919    0.000147868029256    0.000160252082814 
920    0.000144803950792    0.000156931386307 
921    0.000141803365367    0.000153679500296 
922    0.000138864958312    0.000150494998911 
923    0.000135987439622    0.000147376485826 
924    0.000133169548151    0.000144322593651 
925    0.000130410048412    0.000141331983332 
926    0.000127707730513    0.000138403343560 
927    0.000125061409263    0.000135535390199 
928    0.000122469923288    0.000132726865724 
929    0.000119932136706    0.000129976538667 
930    0.000117446939294    0.000127283203078 
931    0.000115013239239    0.000124645677996 
932    0.000112629969548    0.000122062806933 
933    0.000110296083509    0.000119533457364 
934    0.000108010560731    0.000117056520233 
935    0.000105772396371    0.000114630909464 
936    0.000103580610790    0.000112255561488 
937    0.000101434243232    0.000109929434773 
938    0.000099332352883    0.000107651509372 
939    0.000097274016554    0.000105420786471 
940    0.000095258332417    0.000103236287953 
941    0.000093284416175    0.000101097055971 
942    0.000091351406297    0.000099002152525 
943    0.000089458450645    0.000096950659051 
944    0.000087604720446    0.000094941676021 
945    0.000085789401572    0.000092974322547 
946    0.000084011700048    0.000091047735993 
947    0.000082270833113    0.000089161071598 
948    0.000080566041715    0.000087313502107 
949    0.000078896577691    0.000085504217408 
950    0.000077261706880    0.000083732424174 
951    0.000075660711335    0.000081997345518 
952    0.000074092891858    0.000080298220652 
953    0.000072557560139    0.000078634304551 
954    0.000071054042277    0.000077004867630 
955    0.000069581681702    0.000075409195421 
956    0.000068139832272    0.000073846588263 
957    0.000066727858784    0.000072316360990 
958    0.000065345144147    0.000070817842636 
959    0.000063991080400    0.000069350376139 
960    0.000062665076473    0.000067913318050 
961    0.000061366547842    0.000066506038257 
962    0.000060094927709    0.000065127919701 
963    0.000058849659151    0.000063778358113 
964    0.000057630195237    0.000062456761743 
965    0.000056435999272    0.000061162551103 
966    0.000055266548798    0.000059895158716 
967    0.000054121331059    0.000058654028861 
968    0.000052999845891    0.000057438617334 
969    0.000051901600057    0.000056248391206 
970    0.000050826110204    0.000055082828595 
971    0.000049772906113    0.000053941418428 
972    0.000048741527255    0.000052823660228 
973    0.000047731518807    0.000051729063884 
974    0.000046742440899    0.000050657149443 
975    0.000045773858251    0.000049607446898 
976    0.000044825345916    0.000048579495980 
977    0.000043896486883    0.000047572845959 
978    0.000042986877069    0.000046587055443 
979    0.000042096114616    0.000045621692188 
980    0.000041223811261    0.000044676332906 
981    0.000040369583159    0.000043750563082 
982    0.000039533056140    0.000042843976787 
983    0.000038713864408    0.000041956176507 
984    0.000037911647626    0.000041086772962 
985    0.000037126053166    0.000040235384943 
986    0.000036356737982    0.000039401639135 
987    0.000035603363140    0.000038585169963 
988    0.000034865599886    0.000037785619424 
989    0.000034143123865    0.000037002636937 
990    0.000033435619679    0.000036235879182 
991    0.000032742775873    0.000035485009956 
992    0.000032064289253    0.000034749700021 
993    0.000031399861976    0.000034029626962 
994    0.000030749203360    0.000033324475045 
995    0.000030112027087    0.000032633935079 
996    0.000029488055071    0.000031957704278 
997    0.000028877010600    0.000031295486134 
998    0.000028278629674    0.000030646990279 
999    0.000027692649363    0.000030011932364 
