1   20.775443259047890   22.551759886785206 
2   19.189396095507171   22.507363573266751 
3   17.756530844312330   22.463054660140283 
4   16.461829880401940   22.418832975345826 
5   15.291510174357141   22.374698347162127 
6   14.233251940635389   22.330650604206003 
7   13.275933409440757   22.286689575431645 
8   12.409513118369013   22.242815090129987 
9   11.624924690534300   22.199026977928018 
10   10.913982749100917   22.155325068788137 
11   10.269298726227394   22.111709193007485 
12    9.684205427380641   22.068179181217282 
13    9.152689312779215   22.024734864382175 
14    8.669329558221182   21.981376073799588 
15    8.229243058307997   21.938102641099054 
16    7.828034635428982   21.894914398241564 
17    7.461751816163459   21.851811177518925 
18    7.126843630714133   21.808792811553101 
19    6.820122978157004   21.765859133295553 
20    6.538732178482070   21.723009976026610 
21    6.280111399994629   21.680245173354812 
22    6.041969706819436   21.637564559216258 
23    5.822258515997319   21.594967967873973 
24    5.619147287725092   21.552455233917254 
25    5.431001296967912   21.510026192261037 
26    5.256361351616168   21.467680678145246 
27    5.093925333339843   21.425418527134166 
28    4.942531444024897   21.383239575115788 
29    4.801143044679078   21.341143658301181 
30    4.668834976214487   21.299130613223870 
31    4.544781253498694   21.257200276739166 
32    4.480739463190969   21.215352486023566 
33    4.437845655748561   21.173587078574105 
34    4.393264514308194   21.131903892207728 
35    4.347494804372416   21.090302765060660 
36    4.300942945791761   21.048783535587781 
37    4.253939844367825   21.007346042561988 
38    4.206754472139875   20.965990125073585 
39    4.159604883285223   20.924715622529639 
40    4.112667190889159   20.883522374653378 
41    4.066082910783184   20.842410221483547 
42    4.019964989720486   20.801379003373807 
43    3.974402767875445   20.760428560992096 
44    3.929466074162598   20.719558735320028 
45    3.885208613054782   20.678769367652261 
46    3.841670770508610   20.638060299595892 
47    3.798881942156303   20.597431373069831 
48    3.756862467542840   20.556882430304192 
49    3.715625238725166   20.516413313839696 
50    3.675177039141654   20.476023866527019 
51    3.635519658649618   20.435713931526230 
52    3.596650822517247   20.395483352306155 
53    3.558564965555411   20.355331972643764 
54    3.521253877184857   20.315259636623583 
55    3.484707238817429   20.275266188637076 
56    3.448913071301837   20.235351473382046 
57    3.413858107195521   20.195515335862030 
58    3.379528100155691   20.155757621385696 
59    3.345908081701134   20.116078175566244 
60    3.312982573904234   20.076476844320805 
61    3.280735765166892   20.036953473869850 
62    3.249151655065370   19.997507910736577 
63    3.218214173276461   19.958140001746333 
64    3.187907276785823   19.918849594026007 
65    3.158215028901461   19.879636535003439 
66    3.129121663029713   19.840500672406833 
67    3.106491214667722   19.801441854264155 
68    3.088724934208946   19.762459928902558 
69    3.071051133540283   19.723554744947780 
70    3.053478236025712   19.684726151323552 
71    3.036013735989656   19.645973997251037 
72    3.018664277520704   19.607298132248218 
73    3.001435727211437   19.568698406129318 
74    2.984333241203098   19.530174669004232 
75    2.967361326904309   19.491726771277932 
76    2.950523899747419   19.453354563649878 
77    2.933824335334769   19.415057897113467 
78    2.917265517313095   19.376836622955423 
79    2.900849881297738   19.338690592755242 
80    2.884579455150800   19.300619658384598 
81    2.868455895898573   19.262623672006782 
82    2.852480523555734   19.224702486076122 
83    2.836654352104897   19.186855953337410 
84    2.820978117863032   19.149083926825327 
85    2.805452305448597   19.111386259863881 
86    2.790077171547624   19.073762806065833 
87    2.774852766661299   19.036213419332121 
88    2.759778955003173   18.998737953851304 
89    2.744855432700807   18.961336264098996 
90    2.730081744444154   18.924008204837289 
91    2.715457298711062   18.886753631114193 
92    2.700981381689726   18.849572398263092 
93    2.686653170007856   18.812464361902148 
94    2.672471742369080   18.775429377933776 
95    2.658436090188761   18.738467302544052 
96    2.644545127313664   18.701577992202175 
97    2.630797698902379   18.664761303659915 
98    2.617192589537589   18.628017093951037 
99    2.603728530634301   18.591345220390746 
100    2.590404207203884   18.554745540575162 
101    2.577218264027278   18.518217912380738 
102    2.564169311287618   18.481762193963707 
103    2.551255929707064   18.445378243759560 
104    2.538476675229680   18.409065920482465 
105    2.525830083288212   18.372825083124734 
106    2.513314672689327   18.336655590956273 
107    2.500928949149514   18.300557303524034 
108    2.488671408510506   18.264530080651475 
109    2.476540539660947   18.228573782438005 
110    2.464534827188842   18.192688269258451 
111    2.452652753787096   18.156873401762510 
112    2.440892802432774   18.121129040874212 
113    2.429253458358726   18.085455047791374 
114    2.417733210835040   18.049851283985067 
115    2.406330554775881   18.014317611199075 
116    2.395043992186565   17.978853891449365 
117    2.383872033463792   17.943459987023527 
118    2.372813198561586   17.908135760480281 
119    2.361866018033900   17.872881074648902 
120    2.351740897512283   17.837695792628711 
121    2.344010879197810   17.802579777788541 
122    2.336313778789160   17.767532893766194 
123    2.328650291000235   17.732555004467926 
124    2.321021054852950   17.697645974067914 
125    2.313426656780402   17.662805667007724 
126    2.305867633558657   17.628033947995789 
127    2.298344475077137   17.593330682006876 
128    2.290857626956940   17.558695734281581 
129    2.283407493025499   17.524128970325787 
130    2.275994437656241   17.489630255910143 
131    2.268618787980547   17.455199457069551 
132    2.261280835979475   17.420836440102647 
133    2.253980840461972   17.386541071571266 
134    2.246719028936111   17.352313218299948 
135    2.239495599378977   17.318152747375393 
136    2.232310721911513   17.284059526145970 
137    2.225164540383010   17.250033422221193 
138    2.218057173870672   17.216074303471199 
139    2.210988718098894   17.182182038026241 
140    2.203959246782505   17.148356494276179 
141    2.196968812898484   17.114597540869966 
142    2.190017449889844   17.080905046715134 
143    2.183105172805464   17.047278880977302 
144    2.176231979379455   17.013718913079636 
145    2.169397851053271   16.980225012702373 
146    2.162602753943677   16.946797049782301 
147    2.155846639759561   16.913434894512257 
148    2.149129446670265   16.880138417340614 
149    2.142451100128215   16.846907488970796 
150    2.135811513648104   16.813741980360756 
151    2.129210589545038   16.780641762722492 
152    2.122648219633960   16.747606707521534 
153    2.116124285892188   16.714636686476453 
154    2.109638661087121   16.681731571558366 
155    2.103191209371111   16.648891234990415 
156    2.096781786844970   16.616115549247311 
157    2.090410242091983   16.583404387054799 
158    2.084076416683743   16.550757621389188 
159    2.077780145659694   16.518175125476855 
160    2.071521257981217   16.485656772793739 
161    2.065299576961953   16.453202437064871 
162    2.059114920675718   16.420811992263864 
163    2.052967102342512   16.388485312612431 
164    2.046855930694734   16.356222272579906 
165    2.040781210323686   16.324022746882733 
166    2.034742742008024   16.291886610484013 
167    2.028740323024726   16.259813738592982 
168    2.022773747443744   16.227804006664556 
169    2.016842806406900   16.195857290398830 
170    2.010947288392139   16.163973465740604 
171    2.005086979463378   16.132152408878898 
172    1.999261663507568   16.100393996246467 
173    1.993471122458476   16.068698104519328 
174    1.987715136508940   16.037064610616280 
175    1.981993484311450   16.005493391698426 
176    1.976305943167850   15.973984325168688 
177    1.970652289209036   15.942537288671344 
178    1.965032297564593   15.911152160091548 
179    1.959445742523241   15.879828817554845 
180    1.953892397684651   15.848567139426715 
181    1.948372036102522   15.817367004312093 
182    1.942884430420180   15.786228291054892 
183    1.937429352998158   15.755150878737540 
184    1.932006576034903   15.724134646680511 
185    1.926615871680690   15.693179474441850 
186    1.921257012144829   15.662285241816708 
187    1.915929769797019   15.631451828836880 
188    1.911038392862519   15.600679115770335 
189    1.906957934986329   15.569966983120752 
190    1.902889904167139   15.539315311627048 
191    1.898834408178744   15.508723982262932 
192    1.894791548315085   15.478192876236429 
193    1.890761419630265   15.447721874989421 
194    1.886744111170171   15.417310860197190 
195    1.882739706195159   15.386959713767954 
196    1.878748282395206   15.356668317842416 
197    1.874769912096779   15.326436554793302 
198    1.870804662462542   15.296264307224897 
199    1.866852595683653   15.266151457972605 
200    1.862913769165305   15.236097890102478 
201    1.858988235705340   15.206103486910770 
202    1.855076043666717   15.176168131923482 
203    1.851177237143482   15.146291708895919 
204    1.847291856121260   15.116474101812219 
205    1.843419936631449   15.086715194884922 
206    1.839561510900257   15.057014872554506 
207    1.835716607492440   15.027373019488941 
208    1.831885251449660   14.997789520583256 
209    1.828067464424279   14.968264260959071 
210    1.824263264808027   14.938797125964166 
211    1.820472667856556   14.909388001172024 
212    1.816695685808986   14.880036772381398 
213    1.812932328003915   14.850743325615861 
214    1.809182600990751   14.821507547123360 
215    1.805446508637453   14.792329323375785 
216    1.801724052234436   14.763208541068519 
217    1.798015230594586   14.734145087120002 
218    1.794320040150136   14.705138848671291 
219    1.790638475045872   14.676189713085623 
220    1.786970527229082   14.647297567947973 
221    1.783316186536547   14.618462301064623 
222    1.779675440778239   14.589683800462721 
223    1.776048275818299   14.560961954389859 
224    1.772434675653070   14.532296651313613 
225    1.768834622486452   14.503687779921146 
226    1.765248096802568   14.475135229118738 
227    1.761675077436069   14.446638888031384 
228    1.758115541639677   14.418198646002345 
229    1.754569465149767   14.389814392592733 
230    1.751036822249316   14.361486017581067 
231    1.747517585828916   14.333213410962857 
232    1.744011727445496   14.304996462950172 
233    1.740519217379139   14.276835063971209 
234    1.737040024687804   14.248729104669881 
235    1.733574117260249   14.220678475905377 
236    1.730121461867067   14.192683068751750 
237    1.726682024209925   14.164742774497482 
238    1.723255768969187   14.136857484645077 
239    1.719842659849804   14.109027090910628 
240    1.716442659625567   14.081251485223401 
241    1.713055730182053   14.053530559725408 
242    1.709681832557729   14.025864206771006 
243    1.706320926983940   13.998252318926459 
244    1.702972972923405   13.970694788969533 
245    1.699637929107258   13.943191509889076 
246    1.696315753570989   13.915742374884601 
247    1.693006403689011   13.888347277365874 
248    1.689709836208104   13.861006110952497 
249    1.686426007279632   13.833718769473499 
250    1.683154872490603   13.806485146966923 
251    1.679896386893846   13.779305137679408 
252    1.676650505036831   13.752178636065789 
253    1.673417180989780   13.725105536788675 
254    1.670196368372584   13.698085734718054 
255    1.666988020380880   13.671119124930870 
256    1.663792089811166   13.644205602710629 
257    1.660608529085110   13.617345063546981 
258    1.657437290272919   13.590537403135324 
259    1.654278325115919   13.563782517376389 
260    1.651131585048339   13.537080302375845 
261    1.647997021218305   13.510430654443892 
262    1.644874584508225   13.483833470094856 
263    1.641764225554109   13.457288646046791 
264    1.638665894764740   13.430796079221073 
265    1.635579542339599   13.404355666742005 
266    1.632505118286512   13.377967305936416 
267    1.629442572438637   13.351630894333258 
268    1.626487678092841   13.325346329663216 
269    1.624089054621298   13.299113509858302 
270    1.621695579659996   13.272932333051470 
271    1.619307282132624   13.246802697576205 
272    1.616924189702288   13.220724501966146 
273    1.614546328804503   13.194697644954674 
274    1.612173724679461   13.168722025474535 
275    1.609806401403281   13.142797542657435 
276    1.607444381918861   13.116924095833657 
277    1.605087688065518   13.091101584531661 
278    1.602736340607929   13.065329908477707 
279    1.600390359264601   13.039608967595454 
280    1.598049762735359   13.013938662005572 
281    1.595714568728198   12.988318892025363 
282    1.593384793985408   12.962749558168367 
283    1.591060454309261   12.937230561143979 
284    1.588741564586661   12.911761801857054 
285    1.586428138813413   12.886343181407538 
286    1.584120190117916   12.860974601090071 
287    1.581817730784134   12.835655962393609 
288    1.579520772273869   12.810387167001045 
289    1.577229325248936   12.785168116788816 
290    1.574943399592135   12.759998713826535 
291    1.572663004428193   12.734878860376602 
292    1.570388148144024   12.709808458893830 
293    1.568118838408301   12.684787412025059 
294    1.565855082190880   12.659815622608786 
295    1.563596885781431   12.634892993674779 
296    1.561344254807721   12.610019428443712 
297    1.559097194253448   12.585194830326781 
298    1.556855708475656   12.560419102925328 
299    1.554619801221639   12.535692150030473 
300    1.552389475645408   12.511013875622734 
301    1.550164734323866   12.486384183871653 
302    1.547945579272464   12.461802979135438 
303    1.545732011960522   12.437270165960575 
304    1.543524033326084   12.412785649081462 
305    1.541321643790626   12.388349333420045 
306    1.539124843273167   12.363961124085442 
307    1.536933631203931   12.339620926373575 
308    1.534748006538236   12.315328645766812 
309    1.532567967769197   12.291084187933585 
310    1.530393512940902   12.266887458728030 
311    1.528224639660807   12.242738364189631 
312    1.526061345111835   12.218636810542836 
313    1.523903626064529   12.194582704196714 
314    1.521751478888397   12.170575951744572 
315    1.519604899563374   12.146616459963605 
316    1.517463883690803   12.122704135814530 
317    1.515328426504349   12.098838886441223 
318    1.513198522880230   12.075020619170363 
319    1.511074167347724   12.051249241511069 
320    1.508955354099017   12.027524661154541 
321    1.506842076998961   12.003846785973701 
322    1.504734329594648   11.980215524022839 
323    1.502632105124631   11.956630783537250 
324    1.500535396527874   11.933092472932879 
325    1.498444196452805   11.909600500805974 
326    1.496358497265745   11.886154775932718 
327    1.494278291059204   11.862755207268883 
328    1.492203569660427   11.839401703949473 
329    1.490134324639004   11.816094175288375 
330    1.488070547314812   11.792832530778004 
331    1.486012228765668   11.769616680088948 
332    1.483959359834648   11.746446533069628 
333    1.481911931137367   11.723321999745934 
334    1.479869933069043   11.700242990320890 
335    1.477833355811248   11.677209415174287 
336    1.475802189338822   11.654221184862362 
337    1.473776423426313   11.631278210117419 
338    1.471756047654290   11.608380401847505 
339    1.469741051415721   11.585527671136060 
340    1.467731423921999   11.562719929241563 
341    1.465727154208741   11.539957087597195 
342    1.463728231141783   11.517239057810496 
343    1.461734643422701   11.494565751663016 
344    1.459746379594251   11.471937081109978 
345    1.457763428045847   11.449352958279929 
346    1.455785777018890   11.426813295474405 
347    1.453813414611526   11.404318005167594 
348    1.451846328784036   11.381867000005988 
349    1.449884507363393   11.359460192808040 
350    1.447927938048140   11.337097496563841 
351    1.445976608413057   11.314778824434768 
352    1.444030505913538   11.292504089753155 
353    1.442089617890043   11.270273206021953 
354    1.440153931572464   11.248086086914395 
355    1.438223434084184   11.225942646273657 
356    1.436298112446199   11.203842798112531 
357    1.434377953581260   11.181786456613082 
358    1.432462944317452   11.159773536126329 
359    1.430553071392265   11.137803951171891 
360    1.428648321456128   11.115877616437675 
361    1.427023672265920   11.093994446779536 
362    1.425442331590641   11.072154357220947 
363    1.423863602761560   11.050357262952668 
364    1.422287494824333   11.028603079332415 
365    1.420714016508337   11.006891721884541 
366    1.419143176232718   10.985223106299696 
367    1.417574982112642   10.963597148434509 
368    1.416009441965132   10.942013764311254 
369    1.414446563315079   10.920472870117527 
370    1.412886353400874   10.898974382205921 
371    1.411328819180083   10.877518217093701 
372    1.409773967335012   10.856104291462479 
373    1.408221804278049   10.834732522157895 
374    1.406672336157114   10.813402826189281 
375    1.405125568860760   10.792115120729354 
376    1.403581508023349   10.770869323113892 
377    1.402040159030051   10.749665350841402 
378    1.400501527021836   10.728503121572810 
379    1.398965616900250   10.707382553131136 
380    1.397432433332118   10.686303563501179 
381    1.395901980754317   10.665266070829196 
382    1.394374263378188   10.644269993422585 
383    1.392849285194218   10.623315249749565 
384    1.391327049976199   10.602401758438868 
385    1.389807561285693   10.581529438279407 
386    1.388290822476183   10.560698208219980 
387    1.386776836697356   10.539907987368940 
388    1.385265606898998   10.519158694993887 
389    1.383757135835073   10.498450250521358 
390    1.382251426067639   10.477782573536507 
391    1.380748479970688   10.457155583782795 
392    1.379248299733936   10.436569201161680 
393    1.377750887366496   10.416023345732306 
394    1.376256244700522   10.395517937711196 
395    1.374764373394754   10.375052897471928 
396    1.373275274938059   10.354628145544847 
397    1.371788950652862   10.334243602616736 
398    1.370305401698471   10.313899189530524 
399    1.368824629074342   10.293594827284966 
400    1.367346633623552   10.273330437034348 
401    1.365871416035602   10.253105940088169 
402    1.364398976849923   10.232921257910846 
403    1.362929316458678   10.212776312121401 
404    1.361462435109868   10.192671024493164 
405    1.359998332910324   10.172605316953460 
406    1.358537009828565   10.152579111583314 
407    1.357078465697529   10.132592330617149 
408    1.355622700217642   10.112644896442472 
409    1.354169712959255   10.092736731599590 
410    1.352719503365486   10.072867758781292 
411    1.351272070754891   10.053037900832564 
412    1.349827414323966   10.033247080750279 
413    1.348385533149649   10.013495221682904 
414    1.346946426191972    9.993782246930193 
415    1.345510092296471    9.974108079942905 
416    1.344076530196437    9.954472644322488 
417    1.342645738515425    9.934875863820796 
418    1.341217715769521    9.915317662339787 
419    1.339792460369575    9.895797963931226 
420    1.338369970623537    9.876316692796399 
421    1.336950244738607    9.856873773285809 
422    1.335533280823239    9.837469129898885 
423    1.334119076889537    9.818102687283689 
424    1.332707630854978    9.798774370236627 
425    1.331298940544771    9.779484103702151 
426    1.329893003693635    9.760231812772471 
427    1.328489817947891    9.741017422687262 
428    1.327089380867245    9.721840858833382 
429    1.325691689926833    9.702702046744566 
430    1.324296742518963    9.683600912101154 
431    1.322904535954927    9.664537380729790 
432    1.321515067466910    9.645511378603139 
433    1.320128334209588    9.626522831839601 
434    1.318744333261934    9.607571666703025 
435    1.317363061628886    9.588657809602413 
436    1.315984516243117    9.569781187091646 
437    1.314608693966337    9.550941725869196 
438    1.313235591591306    9.532139352777833 
439    1.311865205843138    9.513373994804351 
440    1.310497533380859    9.494645579079283 
441    1.309132570799022    9.475954032876611 
442    1.307770314629197    9.457299283613493 
443    1.306410761341195    9.438681258849972 
444    1.305053907344823    9.420099886288703 
445    1.303699748991061    9.401555093774665 
446    1.302348282573601    9.383046809294889 
447    1.300999504329978    9.364574960978169 
448    1.299653410443105    9.346139477094791 
449    1.298309997042540    9.327740286056249 
450    1.296969260205639    9.309377316414970 
451    1.295631195959020    9.291050496864035 
452    1.294295800279563    9.272759756236901 
453    1.292963069095867    9.254505023507132 
454    1.291632998289155    9.236286227788113 
455    1.290305583694754    9.218103298332780 
456    1.288980821102996    9.199956164533342 
457    1.287658706260419    9.181844755921015 
458    1.286339234870915    9.163769002165740 
459    1.285022402596813    9.145728833075911 
460    1.283708205059882    9.127724178598104 
461    1.282396637842324    9.109754968816810 
462    1.281250950552112    9.091821133954156 
463    1.280137227449888    9.073922604369629 
464    1.279024959889725    9.056059310559828 
465    1.277914151428902    9.038231183158166 
466    1.276804805522849    9.020438152934618 
467    1.275696925526965    9.002680150795451 
468    1.274590514697839    8.984957107782952 
469    1.273485576194964    8.967268955075157 
470    1.272382113082249    8.949615623985592 
471    1.271280128329288    8.931997045962998 
472    1.270179624813087    8.914413152591075 
473    1.269080605319330    8.896863875588203 
474    1.267983072543786    8.879349146807188 
475    1.266887029093800    8.861868898234993 
476    1.265792477489556    8.844423061992474 
477    1.264699420165541    8.827011570334117 
478    1.263607859471647    8.809634355647772 
479    1.262517797674808    8.792291350454397 
480    1.261429236959961    8.774982487407788 
481    1.260342179431587    8.757707699294325 
482    1.259256627114755    8.740466919032707 
483    1.258172581956567    8.723260079673690 
484    1.257090045827062    8.706087114399830 
485    1.256009020520805    8.688947956525222 
486    1.254929507757674    8.671842539495245 
487    1.253851509184311    8.654770796886291 
488    1.252775026375119    8.637732662405529 
489    1.251700060833437    8.620728069890626 
490    1.250626613992618    8.603756953309500 
491    1.249554687217264    8.586819246760063 
492    1.248484281804025    8.569914884469970 
493    1.247415398982911    8.553043800796347 
494    1.246348039918219    8.536205930225558 
495    1.245282205709636    8.519401207372931 
496    1.244217897393172    8.502629566982524 
497    1.243155115942232    8.485890943926847 
498    1.242093862268567    8.469185273206634 
499    1.241034137223146    8.452512489950569 
500    1.239975941597441    8.435872529415056 
501    1.238919276123922    8.419265326983945 
502    1.237864141477381    8.402690818168301 
503    1.236810538275594    8.386148938606139 
504    1.235758467080314    8.369639624062179 
505    1.234707928398106    8.353162810427600 
506    1.233658922681417    8.336718433719787 
507    1.232611450329128    8.320306430082084 
508    1.231565511687723    8.303926735783548 
509    1.230521107051875    8.287579287218698 
510    1.229478236665375    8.271264020907264 
511    1.228436900722002    8.254980873493954 
512    1.227397099366232    8.238729781748194 
513    1.226358832694070    8.222510682563895 
514    1.225322100753845    8.206323512959191 
515    1.224286903546882    8.190168210076214 
516    1.223253241028448    8.174044711180835 
517    1.222221113108299    8.157952953662432 
518    1.221190519651534    8.141892875033632 
519    1.220161460479224    8.125864412930083 
520    1.219133935369305    8.109867505110207 
521    1.218107944057045    8.093902089454955 
522    1.217083486235994    8.077968103967567 
523    1.216060561558321    8.062065486773333 
524    1.215039169635910    8.046194176119355 
525    1.214019310040641    8.030354110374303 
526    1.213000982305327    8.014545228028172 
527    1.211984185924209    7.998767467692054 
528    1.210968920353581    7.983020768097893 
529    1.209955185012502    7.967305068098246 
530    1.208942979283352    7.951620306666047 
531    1.207932302512537    7.935966422894372 
532    1.206923154010836    7.920343355996201 
533    1.205915533054351    7.904751045304181 
534    1.204909438884810    7.889189430270390 
535    1.203904870710245    7.873658450466104 
536    1.202901827705538    7.858158045581563 
537    1.201900309013035    7.842688155425735 
538    1.200900313742978    7.827248719926080 
539    1.199901840974223    7.811839679128320 
540    1.198904889754538    7.796460973196207 
541    1.197909459101369    7.781112542411290 
542    1.196915548002128    7.765794327172679 
543    1.195923155414959    7.750506267996817 
544    1.194932280269014    7.735248305517253 
545    1.193942921465126    7.720020380484401 
546    1.192955077876093    7.704822433765321 
547    1.191968748347381    7.689654406343484 
548    1.190983931697409    7.674516239318541 
549    1.190000626718220    7.659407873906096 
550    1.189018832175739    7.644329251437483 
551    1.188038546810452    7.629280313359530 
552    1.187059769337456    7.614261001234335 
553    1.186082498447525    7.599271256739041 
554    1.185106732806878    7.584311021665607 
555    1.184132471058057    7.569380237920581 
556    1.183159711820232    7.554478847524880 
557    1.182188453689553    7.539606792613557 
558    1.181218695239652    7.524764015435583 
559    1.180250435021878    7.509950458353618 
560    1.179283671566049    7.495166063843792 
561    1.178318403380402    7.480410774495475 
562    1.177354628952250    7.465684533011061 
563    1.176392346748469    7.450987282205741 
564    1.175431555215506    7.436318965007285 
565    1.174472252780094    7.421679524455811 
566    1.173588556023852    7.407068903703578 
567    1.172762699481342    7.392487046014756 
568    1.171937694892168    7.377933894765204 
569    1.171113544122775    7.363409393442256 
570    1.170290248998506    7.348913485644499 
571    1.169467811304418    7.334446115081556 
572    1.168646232785566    7.320007225573860 
573    1.167825515147696    7.305596761052449 
574    1.167005660057563    7.291214665558734 
575    1.166186669143508    7.276860883244291 
576    1.165368543995924    7.262535358370643 
577    1.164551286167742    7.248238035309040 
578    1.163734897174828    7.233968858540245 
579    1.162919378496499    7.219727772654320 
580    1.162104731576095    7.205514722350407 
581    1.161290957821132    7.191329652436517 
582    1.160478058604004    7.177172507829314 
583    1.159666035262408    7.163043233553903 
584    1.158854889099581    7.148941774743612 
585    1.158044621384983    7.134868076639781 
586    1.157235233354556    7.120822084591555 
587    1.156426726211192    7.106803744055661 
588    1.155619101125025    7.092813000596208 
589    1.154812359234216    7.078849799884464 
590    1.154006501644834    7.064914087698656 
591    1.153201529431697    7.051005809923749 
592    1.152397443638475    7.037124912551247 
593    1.151594245278289    7.023271341678969 
594    1.150791935333895    7.009445043510858 
595    1.149990514758261    6.995645964356755 
596    1.149189984474848    6.981874050632200 
597    1.148390345377878    6.968129248858221 
598    1.147591598332987    6.954411505661129 
599    1.146793744177196    6.940720767772305 
600    1.145996783719645    6.927056982028001 
601    1.145200717741744    6.913420095369123 
602    1.144405546997558    6.899810054841039 
603    1.143611272214062    6.886226807593359 
604    1.142817894091733    6.872670300879743 
605    1.142025413304627    6.859140482057682 
606    1.141233830500857    6.845637298588307 
607    1.140443146302893    6.832160698036178 
608    1.139653361307796    6.818710628069079 
609    1.138864476087795    6.805287036457820 
610    1.138076491190200    6.791889871076031 
611    1.137289407138133    6.778519079899961 
612    1.136503224430567    6.765174611008272 
613    1.135717943542689    6.751856412581843 
614    1.134933564926311    6.738564432903564 
615    1.134150089010016    6.725298620358141 
616    1.133367516199599    6.712058923431889 
617    1.132585846878210    6.698845290712535 
618    1.131805081406773    6.685657670889023 
619    1.131025220124189    6.672496012751302 
620    1.130246263347678    6.659360265190140 
621    1.129468211373007    6.646250377196922 
622    1.128691064474766    6.633166297863447 
623    1.127914822906721    6.620107976381736 
624    1.127139486901914    6.607075362043833 
625    1.126365056673150    6.594068404241607 
626    1.125591532413099    6.581087052466557 
627    1.124818914294551    6.568131256309612 
628    1.124047202470885    6.555200965460943 
629    1.123276397075917    6.542296129709761 
630    1.122506498224570    6.529416698944122 
631    1.121737506012935    6.516562623150738 
632    1.120969420518535    6.503733852414776 
633    1.120202241800435    6.490930336919670 
634    1.119435969899717    6.478152026946922 
635    1.118670604839540    6.465398872875915 
636    1.117906146625564    6.452670825183715 
637    1.117142595245863    6.439967834444881 
638    1.116379950671455    6.427289851331274 
639    1.115618212856464    6.414636826611865 
640    1.114857381738176    6.402008711152541 
641    1.114097457237457    6.389405455915918 
642    1.113338439258805    6.376827011961148 
643    1.112580327690778    6.364273330443731 
644    1.111823122405967    6.351744362615324 
645    1.111066823261377    6.339240059823551 
646    1.110311430098557    6.326760373511815 
647    1.109556942743797    6.314305255219112 
648    1.108803361008396    6.301874656579836 
649    1.108050684688757    6.289468529323602 
650    1.107298913566752    6.277086825275044 
651    1.106548047409703    6.264729496353644 
652    1.105798085970793    6.252396494573530 
653    1.105049028989047    6.240087772043302 
654    1.104300876189698    6.227803280965839 
655    1.103553627284298    6.215542973638116 
656    1.102807281970826    6.203306802451017 
657    1.102061839934060    6.191094719889153 
658    1.101317300845532    6.178906678530673 
659    1.100573664363903    6.166742631047086 
660    1.099830930135098    6.154602530203071 
661    1.099089097792219    6.142486328856299 
662    1.098348166956173    6.130393979957244 
663    1.097608137235535    6.118325436549006 
664    1.096869008226688    6.106280651767127 
665    1.096130779514198    6.094259578839405 
666    1.095393450670809    6.082262171085718 
667    1.094657021257713    6.070288381917840 
668    1.093921490824494    6.058338164839262 
669    1.093256980466866    6.046411473445008 
670    1.092618093079953    6.034508261421456 
671    1.091979719488407    6.022628482546160 
672    1.091341860972671    6.010772090687672 
673    1.090704518793385    5.998939039805354 
674    1.090067694191060    5.987129283949211 
675    1.089431388386717    5.975342777259706 
676    1.088795602581878    5.963579473967580 
677    1.088160337958918    5.951839328393682 
678    1.087525595681060    5.940122294948781 
679    1.086891376892753    5.928428328133400 
680    1.086257682719644    5.916757382537631 
681    1.085624514269191    5.905109412840965 
682    1.084991872630220    5.893484373812111 
683    1.084359758873695    5.881882220308819 
684    1.083728174052615    5.870302907277712 
685    1.083097119202190    5.858746389754106 
686    1.082466595340074    5.847212622861836 
687    1.081836603466673    5.835701561813082 
688    1.081207144565097    5.824213161908194 
689    1.080578219601385    5.812747378535524 
690    1.079949829524879    5.801304167171241 
691    1.079321975268035    5.789883483379171 
692    1.078694657747005    5.778485282810618 
693    1.078067877861447    5.767109521204192 
694    1.077441636494954    5.755756154385638 
695    1.076815934514999    5.744425138267664 
696    1.076190772773388    5.733116428849768 
697    1.075566152106021    5.721829982218074 
698    1.074942073333376    5.710565754545151 
699    1.074318537260613    5.699323702089852 
700    1.073695544677585    5.688103781197142 
701    1.073073096359205    5.676905948297922 
702    1.072451193065301    5.665730159908870 
703    1.071829835541145    5.654576372632266 
704    1.071209024517279    5.643444543155821 
705    1.070588760709812    5.632334628252517 
706    1.069969044820639    5.621246584780430 
707    1.069349877537397    5.610180369682571 
708    1.068731259533661    5.599135939986711 
709    1.068113191469348    5.588113252805222 
710    1.067495673990361    5.577112265334903 
711    1.066878707729284    5.566132934856818 
712    1.066262293305079    5.555175218736132 
713    1.065646431323413    5.544239074421937 
714    1.065031122376833    5.533324459447098 
715    1.064416367044829    5.522431331428078 
716    1.063802165893930    5.511559648064782 
717    1.063188519477899    5.500709367140386 
718    1.062575428337914    5.489880446521178 
719    1.061962893002657    5.479072844156388 
720    1.061350913988224    5.468286518078034 
721    1.060739491798756    5.457521426400751 
722    1.060128626925864    5.446777527321632 
723    1.059518319849533    5.436054779120062 
724    1.058908571037649    5.425353140157566 
725    1.058299380946321    5.414672568877632 
726    1.057690750020158    5.404013023805563 
727    1.057082678692023    5.393374463548310 
728    1.056475167383561    5.382756846794310 
729    1.055868216505084    5.372160132313330 
730    1.055261826455696    5.361584278956303 
731    1.054655997623370    5.351029245655170 
732    1.054050730385180    5.340494991422723 
733    1.053446025107538    5.329981475352437 
734    1.052841882145841    5.319488656618324 
735    1.052238301845079    5.309016494474762 
736    1.051635284539649    5.298564948256347 
737    1.051032830553588    5.288133977377728 
738    1.050430940200649    5.277723541333453 
739    1.049829613784383    5.267333599697809 
740    1.049228851598158    5.256964112124668 
741    1.048628653925619    5.246615038347330 
742    1.048029021040328    5.236286338178365 
743    1.047429953206177    5.225977971509457 
744    1.046831450677348    5.215689898311249 
745    1.046233513698402    5.205422078633187 
746    1.045636142504570    5.195174472603367 
747    1.045039337321618    5.184947040428377 
748    1.044443098366094    5.174739742393144 
749    1.043847425845294    5.164552538860780 
750    1.043252319957459    5.154385390272427 
751    1.042657780891908    5.144238257147107 
752    1.042063808828902    5.134111100081562 
753    1.041470403940112    5.124003879750108 
754    1.040877566388369    5.113916556904477 
755    1.040285296327891    5.103849092373668 
756    1.039709614396565    5.093801447063793 
757    1.039199469081142    5.083773581957925 
758    1.038689619728683    5.073765458115949 
759    1.038180067560331    5.063777036674410 
760    1.037670813783871    5.053808278846359 
761    1.037161859593942    5.043859145921203 
762    1.036653206171940    5.033929599264560 
763    1.036144854686345    5.024019600318104 
764    1.035636806292601    5.014129110599415 
765    1.035129062133492    5.004258091701834 
766    1.034621623339055    4.994406505294308 
767    1.034114491026679    4.984574313121245 
768    1.033607666301350    4.974761477002365 
769    1.033101150255612    4.964967958832551 
770    1.032594943969787    4.955193720581700 
771    1.032089048511992    4.945438724294580 
772    1.031583464938163    4.935702932090677 
773    1.031078194292519    4.925986306164048 
774    1.030573237607113    4.916288808783180 
775    1.030068595902384    4.906610402290838 
776    1.029564270187063    4.896951049103921 
777    1.029060261458286    4.887310711713315 
778    1.028556570701696    4.877689352683749 
779    1.028053198891583    4.868086934653649 
780    1.027550146990789    4.858503420334990 
781    1.027047415951213    4.848938772513155 
782    1.026545006713303    4.839392954046792 
783    1.026042920206804    4.829865927867662 
784    1.025541157350339    4.820357656980503 
785    1.025039719051799    4.810868104462885 
786    1.024538606208169    4.801397233465060 
787    1.024037819705917    4.791945007209828 
788    1.023537360420915    4.782511388992390 
789    1.023037229218486    4.773096342180203 
790    1.022537426953602    4.763699830212843 
791    1.022037954470882    4.754321816601858 
792    1.021538812604844    4.744962264930631 
793    1.021040002179543    4.735621138854234 
794    1.020541524009349    4.726298402099292 
795    1.020043378898420    4.716994018463835 
796    1.019545567641093    4.707707951817164 
797    1.019048091021913    4.698440166099711 
798    1.018550949815578    4.689190625322891 
799    1.018054144787248    4.679959293568972 
800    1.017557676692492    4.670746134990930 
801    1.017061546277315    4.661551113812309 
802    1.016565754278331    4.652374194327087 
803    1.016070301422850    4.643215340899530 
804    1.015575188428959    4.634074517964064 
805    1.015080416005367    4.624951690025125 
806    1.014585984851873    4.615846821657031 
807    1.014091895659182    4.606759877503837 
808    1.013598149108934    4.597690822279206 
809    1.013104745874041    4.588639620766262 
810    1.012611686618473    4.579606237817461 
811    1.012118971997482    4.570590638354452 
812    1.011626602657722    4.561592787367940 
813    1.011134579237108    4.552612649917551 
814    1.010642902365224    4.543650191131696 
815    1.010151572662982    4.534705376207435 
816    1.009660590743023    4.525778170410343 
817    1.009169957209617    4.516868539074376 
818    1.008679672658826    4.507976447601733 
819    1.008189737678521    4.499101861462724 
820    1.007700152848355    4.490244746195636 
821    1.007210918740163    4.481405067406598 
822    1.006722035917436    4.472582790769449 
823    1.006233504936090    4.463777882025605 
824    1.005745326344016    4.454990306983921 
825    1.005257500681322    4.446220031520568 
826    1.004770028480416    4.437467021578888 
827    1.004282910265993    4.428731243169271 
828    1.003796146555238    4.420012662369024 
829    1.003309737857661    4.411311245322231 
830    1.002823684675537    4.402626958239627 
831    1.002337987503426    4.393959767398466 
832    1.001852646828697    4.385309639142392 
833    1.001367663131420    4.376676539881303 
834    1.000883036884406    4.368060436091226 
835    1.000398768553300    4.359461294314185 
836    0.999914858596589    4.350879081158070 
837    0.999444288254565    4.342313763296506 
838    0.999023160440201    4.333765307468729 
839    0.998602200954053    4.325233680479453 
840    0.998181410909049    4.316718849198740 
841    0.997760791408312    4.308220780561872 
842    0.997340343545629    4.299739441569228 
843    0.996920068405335    4.291274799286148 
844    0.996499967062300    4.282826820842808 
845    0.996080040582158    4.274395473434094 
846    0.995660290021345    4.265980724319475 
847    0.995240716427018    4.257582540822871 
848    0.994821320837325    4.249200890332532 
849    0.994402104281293    4.240835740300910 
850    0.993983067779008    4.232487058244527 
851    0.993564212341626    4.224154811743857 
852    0.993145538971435    4.215838968443195 
853    0.992727048661921    4.207539496050533 
854    0.992308742397863    4.199256362337434 
855    0.991890621155312    4.190989535138909 
856    0.991472685901657    4.182738982353287 
857    0.991054937595864    4.174504671942098 
858    0.990637377188340    4.166286571929939 
859    0.990220005620971    4.158084650404360 
860    0.989802823827361    4.149898875515732 
861    0.989385832732786    4.141729215477127 
862    0.988969033254171    4.133575638564197 
863    0.988552426300330    4.125438113115043 
864    0.988136012771892    4.117316607530099 
865    0.987719793561282    4.109211090272009 
866    0.987303769553102    4.101121529865500 
867    0.986887941623767    4.093047894897265 
868    0.986472310641809    4.084990154015837 
869    0.986056877467936    4.076948275931468 
870    0.985641642955081    4.068922229416010 
871    0.985226607948230    4.060911983302792 
872    0.984811773284788    4.052917506486497 
873    0.984397139794526    4.044938767923045 
874    0.983982708299479    4.036975736629470 
875    0.983568479614216    4.029028381683801 
876    0.983154454545737    4.021096672224940 
877    0.982740633893744    4.013180577452544 
878    0.982327018450335    4.005280066626906 
879    0.981913609000362    3.997395109068832 
880    0.981500406321385    3.989525674159526 
881    0.981087411183656    3.981671731340469 
882    0.980674624350247    3.973833250113301 
883    0.980262046577031    3.966010200039702 
884    0.979849678612987    3.958202550741276 
885    0.979437521199776    3.950410271899427 
886    0.979025575072189    3.942633333255249 
887    0.978613840958015    3.934871704609403 
888    0.978202319578198    3.927125355822003 
889    0.977791011646707    3.919394256812498 
890    0.977379917870866    3.911678377559551 
891    0.976969038950992    3.903977688100932 
892    0.976558375580840    3.896292158533391 
893    0.976147928447536    3.888621759012549 
894    0.975737698231410    3.880966459752780 
895    0.975327685606361    3.873326231027094 
896    0.974917891239641    3.865701043167024 
897    0.974508315792067    3.858090866562509 
898    0.974098959917895    3.850495671661780 
899    0.973689824265177    3.842915428971243 
900    0.973280909475436    3.835350109055368 
901    0.972872216183932    3.827799682536575 
902    0.972463745019596    3.820264120095112 
903    0.972055496605187    3.812743392468954 
904    0.971647471557191    3.805237470453677 
905    0.971239670486073    3.797746324902353 
906    0.970832093996081    3.790269926725432 
907    0.970424742685528    3.782808246890633 
908    0.970017617146398    3.775361256422826 
909    0.969610717965094    3.767928926403927 
910    0.969204045721803    3.760511227972777 
911    0.968797600990930    3.753108132325037 
912    0.968391384340874    3.745719610713071 
913    0.967985396334426    3.738345634445841 
914    0.967579637528404    3.730986174888786 
915    0.967174108473962    3.723641203463720 
916    0.966768809716607    3.716310691648717 
917    0.966363741796095    3.708994610977997 
918    0.965958905246539    3.701692933041824 
919    0.965554300596483    3.694405629486385 
920    0.965149928369005    3.687132672013690 
921    0.964745789081587    3.679874032381456 
922    0.964341883246223    3.672629682402998 
923    0.963938211369462    3.665399593947122 
924    0.963534773952631    3.658183738938012 
925    0.963131571491412    3.650982089355127 
926    0.962728604476329    3.643794617233084 
927    0.962325873392591    3.636621294661558 
928    0.961923378720106    3.629462093785164 
929    0.961521120933617    3.622316986803361 
930    0.961119100502692    3.615185945970331 
931    0.960717317891681    3.608068943594883 
932    0.960315773559851    3.600965952040334 
933    0.959914467961320    3.593876943724414 
934    0.959513401545362    3.586801891119148 
935    0.959160444270993    3.579740766750755 
936    0.958809373429495    3.572693543199543 
937    0.958458412256089    3.565660193099794 
938    0.958107561575199    3.558640689139667 
939    0.957756822204911    3.551635004061087 
940    0.957406194957107    3.544643110659641 
941    0.957055680637369    3.537664981784471 
942    0.956705280045228    3.530700590338170 
943    0.956354993974096    3.523749909276677 
944    0.956004823211223    3.516812911609167 
945    0.955654768537863    3.509889570397954 
946    0.955304830729173    3.502979858758384 
947    0.954955010554440    3.496083749858724 
948    0.954605308776860    3.489201216920066 
949    0.954255726153941    3.482332233216221 
950    0.953906263437137    3.475476772073613 
951    0.953556921372015    3.468634806871177 
952    0.953207700698569    3.461806311040255 
953    0.952858602150821    3.454991258064493 
954    0.952509626457141    3.448189621479739 
955    0.952160774340170    3.441401374873939 
956    0.951812046516934    3.434626491887034 
957    0.951463443698770    3.427864946210861 
958    0.951114966591435    3.421116711589045 
959    0.950766615895093    3.414381761816902 
960    0.950418392304574    3.407660070741336 
961    0.950070296508859    3.400951612260736 
962    0.949722329191719    3.394256360324878 
963    0.949374491031469    3.387574288934818 
964    0.949026782700930    3.380905372142797 
965    0.948679204867682    3.374249584052138 
966    0.948331758193818    3.367606898817143 
967    0.947984443336230    3.360977290642998 
968    0.947637260946571    3.354360733785667 
969    0.947290211671121    3.347757202551796 
970    0.946943296151082    3.341166671298613 
971    0.946596515022441    3.334589114433824 
972    0.946249868915967    3.328024506415522 
973    0.945903358457431    3.321472821752078 
974    0.945556984267397    3.314934035002050 
975    0.945210746961534    3.308408120774080 
976    0.944864647150338    3.301895053726795 
977    0.944518685439392    3.295394808568715 
978    0.944172862429269    3.288907360058143 
979    0.943827178715607    3.282432683003079 
980    0.943481634889222    3.275970752261115 
981    0.943136231535920    3.269521542739338 
982    0.942790969236874    3.263085029394238 
983    0.942445848568168    3.256661187231603 
984    0.942100870101232    3.250249991306426 
985    0.941756034402840    3.243851416722811 
986    0.941411342034823    3.237465438633868 
987    0.941066793554549    3.231092032241626 
988    0.940722389514482    3.224731172796930 
989    0.940378130462543    3.218382835599348 
990    0.940034016942067    3.212046995997073 
991    0.939690049491733    3.205723629386831 
992    0.939346228645736    3.199412711213781 
993    0.939002554933600    3.193114216971423 
994    0.938659028880527    3.186828122201499 
995    0.938315651007056    3.180554402493904 
996    0.937972421829332    3.174293033486586 
997    0.937629341859239    3.168043990865451 
998    0.937286411603946    3.161807250364275 
999    0.936943631566467    3.155582787764603 
