   2.397895272798371  -32.220120125649096  -32.172452378209265   -4.257933582779720   -6.907755278982137   -6.805793889243251   -3.908876876728337
   2.484906649788000  -32.539598622015291  -33.073238923547457   -4.351389665211992   -6.907755278982137   -7.087775421153252   -4.060255987358622
   2.564949357461537  -32.013847348032627  -31.904494811105263   -4.437918882115135   -6.907755278982139   -7.351870083016292   -4.201457958586115
   2.639057329615258  -33.071637642180484  -32.560492069603569   -4.518555713151319   -6.907755278982159   -7.600309956606230   -4.333762845854674
   2.708050201102210  -32.258044308544669  -32.439515163458310   -4.594120349801492   -6.907755278982360   -7.834921600846225   -4.458219413995462
   2.772588722239781  -32.648725620468596  -32.085224010874853   -4.665274110057678   -6.907755278983813   -8.057222742865481   -4.575698885362317
   2.833213344056216  -33.956429706995266  -33.203114004968867   -4.732558023963458   -6.907755278992050   -8.268491210895801   -4.686933634449728
   2.890371757896165  -32.956881404882296  -33.132662344018257   -4.796420373522475   -6.907755279030109   -8.469815279143175   -4.792545694091983
   2.944438979166440  -33.903587225620882  -33.319073886063734   -4.857236776754732   -6.907755279178222   -8.662131217548772   -4.893068178556063
   2.995732273553991  -33.962830144097424  -33.558366770780310   -4.915325114228803   -6.907755279676534   -8.846251819675611   -4.988961666035422
   3.044522437723423  -33.466756458234499  -33.346074487882241   -4.970956810069052   -6.907755281157020   -9.022888433418977   -5.080626919779582
   3.091042453358316  -33.445604083229277  -34.884416478632609   -5.024365486286987   -6.907755285109141   -9.192668224334655   -5.168414901064070
   3.135494215929150  -33.181452508187689  -32.402783154189578   -5.075753691795420   -6.907755294725147   -9.356147881998906   -5.252634746486033
   3.178053830347946  -32.958308956873481  -33.548383952293612   -5.125298198230538   -6.907755316306041   -9.513824632839212   -5.333560192835940
   3.218875824868201    1.144729885849400    1.144729885849400   -5.173154213894485   -6.907755361428285   -9.666145185526576   -5.411434802603420
   3.258096538021482  -31.938946039859509  -31.971426632148674   -5.219458770554262   -6.907755450066269   -9.813513071028188   -5.486476251939929
   3.295836866004329  -36.177184781741680  -38.816242111356935   -5.264333470448620   -6.907755614832563   -9.956294721517738   -5.558879877888854
   3.332204510175204  -34.361894815103433  -35.597366286488736   -5.307886733098943   -6.907755906438459  -10.094824550550037   -5.628821634656180
   3.367295829986474  -33.918402311406027  -33.964211847437319   -5.350215647188937   -6.907756400397111  -10.229409234183459   -5.696460574201326
   3.401197381662155  -33.114127693801436  -32.098437416333248   -5.391407507772689   -6.907757204900165  -10.360331348759216   -5.761940940785633
   3.433987204485146  -33.122509972554241  -32.801305208063816   -5.431541100637373   -6.907758469706518  -10.487852487732143   -5.825393949859127
   3.465735902799727  -32.932223586397804  -32.859110243329461   -5.470687781906348   -6.907760395798761  -10.612215953864187   -5.886939307017450
   3.496507561466480  -33.731543488960625  -33.048116447139137   -5.508912390619119   -6.907763245496936  -10.733649104856582   -5.946686511545846
   3.526360524616162  -34.038169590491385  -33.036270498343193   -5.546274024154020   -6.907767352675653  -10.852365415191567   -6.004735980341501
   3.555348061489414  -36.186153451724437  -34.760118761955034   -5.582826700318753   -6.907773132711541  -10.968566306113832   -6.061180021235590
   3.583518938456110  -36.091662608303515  -33.798962274542014   -5.618619925257584   -6.907781091793058  -11.082442786955275   -6.116103679364061
   3.610917912644224  -32.787361362863535  -32.649774388262678   -5.653699182673757   -6.907791835251097  -11.194176943869582   -6.169585476010271
   3.637586159726386  -33.479906677621379  -33.265222391253147   -5.688106356993931   -6.907806074612687  -11.303943308211453   -6.221698055927212
   3.663561646129646  -33.753647078329969  -33.380339081856334   -5.721880100824944   -6.907824633136356  -11.411910131666712   -6.272508756442713
   3.688879454113936  -33.820720455070727  -33.236512285370715   -5.755056155235493   -6.907848449651692  -11.518240593728466   -6.322080109432104
   3.713572066704308  -33.379250350121140  -32.436967391379511   -5.787667629933813   -6.907878580592328  -11.623093964074826   -6.370470285443182
   3.737669618283368  -32.680677220275200  -32.448054925006446   -5.819745249229604   -6.907916200177195  -11.726626744999724   -6.417733487800085
   3.761200115693562  -34.804373770959074  -34.262365219756397   -5.851317568705085   -6.907962598756026  -11.828993812698348   -6.463920303295961
   3.784189633918261  -34.280958052833014  -33.267166026461716   -5.882411166730991   -6.908019179389419  -11.930349584461561   -6.509078015086591
   3.806662489770320  -32.738026637840299  -32.331606875721683   -5.913050814313253   -6.908087452779703  -12.030849237721252   -6.553250882562726
   3.828641396489095  -35.638188281008993  -35.232723172900826   -5.943259626218044   -6.908169030705603  -12.130650005866165   -6.596480392301745
   3.850147601710058  -33.805606817260681  -32.698144913315588   -5.973059195875433   -6.908265618141066  -12.229912589623066   -6.638805483602472
   3.871201010907891  -33.245991029325261  -32.294149313186786   -6.002469716188075   -6.908379004256946  -12.328802720174599   -6.680262751623411
   3.891820298110626  -32.656090198730801  -31.703100002649851   -6.031510088058186   -6.908511052514185  -12.427492923280479   -6.720886630748146
   3.912023005428146    0.046117597181291    1.144729885849400   -6.060198018182513   -6.908663690059691  -12.526164547805815   -6.760709560420366
   3.931825632724326  -33.519175526710555  -32.433580427938494   -6.088550107442756   -6.908838896632319  -12.625010130334330   -6.799762135442689
   3.951243718581428  -33.888988426199731  -32.418479469836896   -6.116581931030882   -6.909038693177362  -12.724236198217493   -6.838073242431813
   3.970291913552122  -34.206084383857807  -34.409522864092686   -6.144308111289449   -6.909265130354911  -12.824066643265603   -6.875670183930471
   3.988984046564275  -37.899951379482779  -35.152680465227292   -6.171742384111607   -6.909520277111392  -12.924746827138110   -6.912578791500657
   4.007333185232471  -33.876386999321731  -33.214123290477239   -6.198897659630286   -6.909806209465509  -13.026548665171273   -6.948823528935532
   4.025351690735150  -33.368427733662990  -33.144638535064971   -6.225786077827850   -6.910124999640601  -13.129776990404338   -6.984427586612282
   4.043051267834550  -32.827280694467071  -32.328558092872328   -6.252419059613693   -6.910478705655752  -13.234777647767014   -7.019412967882605
   4.060443010546419  -33.918402311406027  -33.753647078329969   -6.278807353845577   -6.910869361468527  -13.341947936670701   -7.053800568288656
   4.077537443905720  -34.689107726311846  -34.129491938376425   -6.304961080709216   -6.911298967743402  -13.451750298358712   -7.087610248301540
