   0.058823529411765    0.058823529411765    0.003065097400654    0.003065097400654 
   0.098039215686274    0.098039215686274    0.007921635628424    0.007819427685888 
   0.137254901960784    0.137254901960784    0.010586122656197    0.010471233596755 
   0.058823529411765    0.176470588235294    0.008045880676716    0.008045880676716 
   0.098039215686274    0.215686274509804    0.015018424650563    0.014958905138221 
   0.137254901960784    0.215686274509804    0.015018424650563    0.014958905138221 
   0.058823529411765    0.294117647058823    0.011494115252452    0.011494115252451 
   0.098039215686274    0.333333333333333    0.019808179937535    0.019650561749754 
   0.137254901960784    0.294117647058823    0.018478250008560    0.018358656305999 
   0.058823529411765    0.411764705882353    0.013409801127860    0.013409801127860 
   0.098039215686274    0.450980392156863    0.022011559743572    0.021894397520488 
   0.137254901960784    0.372549019607843    0.020832995161529    0.020670487100088 
   0.058823529411765    0.529411764705882    0.013792938302942    0.013792938302942 
   0.098039215686274    0.568627450980392    0.021855979267605    0.021690412450421 
   0.137254901960784    0.450980392156863    0.022011559743572    0.021894397520488 
   0.058823529411765    0.647058823529412    0.012643526777697    0.012643526777697 
   0.098039215686274    0.686274509803922    0.019136220232667    0.019038606539554 
   0.137254901960784    0.529411764705882    0.022173900010272    0.022030387567199 
   0.058823529411765    0.764705882352941    0.009961566552125    0.009961566552125 
   0.098039215686274    0.803921568627451    0.014065446711526    0.013938979787888 
   0.137254901960784    0.607843137254902    0.021240301402821    0.021078457240221 
   0.058823529411765    0.882352941176471    0.005747057626226    0.005747057626226 
   0.098039215686274    0.921568627450980    0.006360264681056    0.006391532195422 
   0.137254901960784    0.686274509803922    0.019136220232667    0.019038606539554 
   0.176470588235294    0.058823529411765    0.008045880676716    0.008045880676716 
   0.215686274509804    0.098039215686274    0.015018424650563    0.014958905138221 
   0.254901960784314    0.176470588235294    0.024522706283340    0.024584635401077 
   0.176470588235294    0.176470588235294    0.021120436776380    0.021120436776380 
   0.215686274509804    0.215686274509804    0.028473043897060    0.028617035916597 
   0.254901960784314    0.254901960784314    0.031982677648827    0.032129126688180 
   0.176470588235294    0.294117647058823    0.030172052537685    0.030172052537685 
   0.215686274509804    0.333333333333333    0.037553817394634    0.037592378999530 
   0.254901960784314    0.333333333333333    0.037553817394634    0.037592378999530 
   0.176470588235294    0.411764705882353    0.035200727960633    0.035200727960633 
   0.215686274509804    0.450980392156863    0.041731148333060    0.041884934387020 
   0.254901960784314    0.411764705882353    0.040871177138899    0.040974392335128 
   0.176470588235294    0.529411764705882    0.036206463045222    0.036206463045222 
   0.215686274509804    0.568627450980392    0.041436187321848    0.041494702079066 
   0.254901960784314    0.490196078431373    0.042121740102769    0.042275166694973 
   0.176470588235294    0.647058823529412    0.033189257791454    0.033189257791454 
   0.215686274509804    0.686274509803922    0.036279866323271    0.036421682075669 
   0.254901960784314    0.568627450980392    0.041436187321848    0.041494702079066 
   0.176470588235294    0.764705882352941    0.026149112199327    0.026149112199327 
   0.215686274509804    0.803921568627451    0.026666317604360    0.026665874376829 
   0.254901960784314    0.647058823529412    0.038535681302391    0.038632998487406 
   0.176470588235294    0.882352941176471    0.015086026268843    0.015086026268843 
   0.215686274509804    0.921568627450980    0.012058261746770    0.012227278982546 
   0.254901960784314    0.725490196078431    0.033551511907446    0.033690055919994 
   0.294117647058823    0.058823529411765    0.011494115252452    0.011494115252451 
   0.333333333333333    0.098039215686274    0.019808179937535    0.019650561749754 
   0.372549019607843    0.215686274509804    0.037553817394634    0.037592378999530 
   0.294117647058823    0.176470588235294    0.030172052537685    0.030172052537685 
   0.333333333333333    0.215686274509804    0.037553817394634    0.037592378999530 
   0.372549019607843    0.294117647058823    0.046205167501897    0.046136101499423 
   0.294117647058823    0.294117647058823    0.043102932196693    0.043102932196693 
   0.333333333333333    0.333333333333333    0.049530679122619    0.049382716049383 
   0.372549019607843    0.372549019607843    0.052093246414501    0.051945832799351 
   0.294117647058823    0.411764705882353    0.050286754229475    0.050286754229475 
   0.333333333333333    0.450980392156863    0.055040266500271    0.055021572899312 
   0.372549019607843    0.450980392156863    0.055040266500271    0.055021572899312 
   0.294117647058823    0.529411764705882    0.051723518636032    0.051723518636032 
   0.333333333333333    0.568627450980392    0.054651234965967    0.054508949549319 
   0.372549019607843    0.529411764705882    0.055446201002277    0.055363321799308 
   0.294117647058823    0.647058823529412    0.047413225416362    0.047413225416362 
   0.333333333333333    0.686274509803922    0.047850432849104    0.047844845999402 
   0.372549019607843    0.607843137254902    0.053111722357554    0.052971079499338 
   0.294117647058823    0.764705882352941    0.037355874570467    0.037355874570467 
   0.333333333333333    0.803921568627451    0.035170880413135    0.035029262249562 
   0.372549019607843    0.686274509803922    0.047850432849104    0.047844845999402 
   0.294117647058823    0.882352941176471    0.021551466098346    0.021551466098347 
   0.333333333333333    0.921568627450980    0.015903946250778    0.016062198299799 
   0.372549019607843    0.764705882352941    0.040044478501644    0.039984621299500 
   0.411764705882353    0.058823529411765    0.013409801127860    0.013409801127860 
   0.450980392156863    0.098039215686274    0.022011559743572    0.021894397520488 
   0.490196078431373    0.254901960784314    0.046874997625015    0.047025358152699 
   0.411764705882353    0.176470588235294    0.035200727960633    0.035200727960633 
   0.450980392156863    0.215686274509804    0.041731148333060    0.041884934387020 
   0.490196078431373    0.333333333333333    0.055040266500271    0.055021572899312 
   0.411764705882353    0.294117647058823    0.050286754229475    0.050286754229475 
   0.450980392156863    0.333333333333333    0.055040266500271    0.055021572899312 
   0.490196078431373    0.411764705882353    0.059902311881248    0.059971610599596 
   0.411764705882353    0.411764705882353    0.058667879934388    0.058667879934388 
   0.450980392156863    0.450980392156863    0.061162717533534    0.061304313057365 
   0.490196078431373    0.490196078431373    0.061735183306366    0.061875471253552 
   0.411764705882353    0.529411764705882    0.060344105075370    0.060344105075370 
   0.450980392156863    0.568627450980392    0.060730411744387    0.060733154861179 
   0.490196078431373    0.568627450980392    0.060730411744387    0.060733154861179 
   0.411764705882353    0.647058823529412    0.055315429652423    0.055315429652423 
   0.450980392156863    0.686274509803922    0.053173116598058    0.053308098310752 
   0.490196078431373    0.647058823529412    0.056479322630891    0.056544661422477 
   0.411764705882353    0.764705882352941    0.043581853665545    0.043581853665545 
   0.450980392156863    0.803921568627451    0.039083143322057    0.039029143406087 
   0.490196078431373    0.725490196078431    0.049174339254701    0.049309990937446 
   0.411764705882353    0.882352941176471    0.025143377114738    0.025143377114738 
   0.450980392156863    0.921568627450980    0.017673035289538    0.017896290147181 
   0.490196078431373    0.803921568627451    0.039083143322057    0.039029143406087 
   0.529411764705882    0.058823529411765    0.013792938302942    0.013792938302942 
   0.568627450980392    0.098039215686274    0.021855979267605    0.021690412450421 
   0.607843137254902    0.294117647058824    0.050981926969681    0.050925316187945 
   0.529411764705882    0.176470588235294    0.036206463045222    0.036206463045222 
   0.568627450980392    0.215686274509804    0.041436187321848    0.041494702079066 
   0.607843137254902    0.372549019607843    0.057478724305212    0.057338133781982 
   0.529411764705882    0.294117647058823    0.051723518636032    0.051723518636032 
   0.568627450980392    0.333333333333333    0.054651234965967    0.054508949549319 
   0.607843137254902    0.450980392156863    0.060730411744387    0.060733154861179 
   0.529411764705882    0.411764705882353    0.060344105075370    0.060344105075370 
   0.568627450980392    0.450980392156863    0.060730411744387    0.060733154861179 
   0.607843137254902    0.529411764705882    0.061178312363617    0.061110379425534 
   0.529411764705882    0.529411764705882    0.062068222363238    0.062068222363238 
   0.568627450980392    0.568627450980392    0.060301161546993    0.060167318014646 
   0.607843137254902    0.607843137254902    0.058602491817730    0.058469807475048 
   0.529411764705882    0.647058823529412    0.056895870499635    0.056895870499635 
   0.568627450980392    0.686274509803922    0.052797282314374    0.052811439009720 
   0.607843137254902    0.686274509803922    0.052797282314374    0.052811439009720 
   0.529411764705882    0.764705882352941    0.044827049484561    0.044827049484561 
   0.568627450980392    0.803921568627451    0.038806898743700    0.038665517846402 
   0.607843137254902    0.764705882352941    0.044184336707057    0.044135274029552 
   0.529411764705882    0.882352941176471    0.025861759318016    0.025861759318016 
   0.568627450980392    0.921568627450980    0.017548120050720    0.017729554524692 
   0.607843137254902    0.843137254901961    0.032594830086545    0.032441312534543 
   0.647058823529412    0.058823529411765    0.012643526777697    0.012643526777697 
   0.686274509803922    0.098039215686274    0.019136220232667    0.019038606539554 
   0.725490196078431    0.333333333333333    0.047850432849104    0.047844845999402 
   0.647058823529412    0.176470588235294    0.033189257791454    0.033189257791454 
   0.686274509803922    0.215686274509804    0.036279866323271    0.036421682075669 
   0.725490196078431    0.411764705882353    0.052077355987468    0.052149226608345 
   0.647058823529412    0.294117647058823    0.047413225416362    0.047413225416362 
   0.686274509803922    0.333333333333333    0.047850432849104    0.047844845999402 
   0.725490196078431    0.490196078431373    0.053670801961212    0.053804757611784 
   0.647058823529412    0.411764705882353    0.055315429652423    0.055315429652423 
   0.686274509803922    0.450980392156863    0.053173116598058    0.053308098310752 
   0.725490196078431    0.568627450980392    0.052797282314374    0.052811439009720 
   0.647058823529412    0.529411764705882    0.056895870499635    0.056895870499635 
   0.686274509803922    0.568627450980392    0.052797282314374    0.052811439009720 
   0.725490196078431    0.647058823529412    0.049101507073898    0.049169270802154 
   0.647058823529412    0.647058823529412    0.052154547957999    0.052154547957999 
   0.686274509803922    0.686274509803922    0.046227186148170    0.046354868096306 
   0.725490196078431    0.725490196078431    0.042750763541352    0.042878252989083 
   0.647058823529412    0.764705882352941    0.041091462027514    0.041091462027514 
   0.686274509803922    0.803921568627451    0.033977766533066    0.033938385570510 
   0.725490196078431    0.803921568627451    0.033977766533066    0.033938385570510 
   0.647058823529412    0.882352941176471    0.023706612708181    0.023706612708181 
   0.686274509803922    0.921568627450980    0.015364431208881    0.015561991432331 
   0.725490196078431    0.882352941176471    0.022318866851772    0.022349668546433 
   0.764705882352941    0.058823529411765    0.009961566552125    0.009961566552125 
   0.803921568627451    0.098039215686274    0.014065446711526    0.013938979787888 
   0.843137254901961    0.372549019607843    0.036990515220691    0.036847390047982 
   0.764705882352941    0.176470588235294    0.026149112199327    0.026149112199327 
   0.803921568627451    0.215686274509804    0.026666317604360    0.026665874376829 
   0.843137254901961    0.450980392156863    0.039083143322057    0.039029143406087 
   0.764705882352941    0.294117647058823    0.037355874570467    0.037355874570467 
   0.803921568627451    0.333333333333333    0.035170880413135    0.035029262249562 
   0.843137254901961    0.529411764705882    0.039371390406056    0.039271560445876 
   0.764705882352941    0.411764705882353    0.043581853665545    0.043581853665545 
   0.803921568627451    0.450980392156863    0.039083143322057    0.039029143406087 
   0.843137254901961    0.607843137254902    0.037713717410349    0.037574641167350 
   0.764705882352941    0.529411764705882    0.044827049484561    0.044827049484561 
   0.803921568627451    0.568627450980392    0.038806898743700    0.038665517846402 
   0.843137254901961    0.686274509803922    0.033977766533066    0.033938385570510 
   0.764705882352941    0.647058823529412    0.041091462027514    0.041091462027514 
   0.803921568627451    0.686274509803922    0.033977766533066    0.033938385570510 
   0.843137254901961    0.764705882352941    0.028434893071040    0.028362793655355 
   0.764705882352941    0.764705882352941    0.032375091294405    0.032375091294405 
   0.803921568627451    0.803921568627451    0.024974235180033    0.024847746578409 
   0.843137254901961    0.843137254901961    0.020976449512517    0.020847865421885 
   0.764705882352941    0.882352941176471    0.018677937285234    0.018677937285234 
   0.803921568627451    0.921568627450980    0.011293117752299    0.011393600870100 
   0.843137254901961    0.921568627450980    0.011293117752299    0.011393600870100 
   0.882352941176471    0.058823529411765    0.005747057626226    0.005747057626226 
   0.921568627450980    0.098039215686274    0.006360264681056    0.006391532195422 
   0.960784313725490    0.411764705882353    0.017308839673806    0.017507240361373 
   0.882352941176471    0.176470588235294    0.015086026268843    0.015086026268843 
   0.921568627450980    0.215686274509804    0.012058261746770    0.012227278982546 
   0.960784313725490    0.490196078431373    0.017838449911604    0.018063025769670 
   0.882352941176471    0.294117647058823    0.021551466098346    0.021551466098347 
   0.921568627450980    0.333333333333333    0.015903946250778    0.016062198299799 
   0.960784313725490    0.568627450980392    0.017548120050720    0.017729554524692 
   0.882352941176471    0.411764705882353    0.025143377114738    0.025143377114738 
   0.921568627450980    0.450980392156863    0.017673035289538    0.017896290147181 
   0.960784313725490    0.647058823529412    0.016319763121017    0.016506826626437 
   0.882352941176471    0.529411764705882    0.025861759318016    0.025861759318016 
   0.921568627450980    0.568627450980392    0.017548120050720    0.017729554524692 
   0.960784313725490    0.725490196078431    0.014208980045917    0.014394842074907 
   0.882352941176471    0.647058823529412    0.023706612708181    0.023706612708181 
   0.921568627450980    0.686274509803922    0.015364431208881    0.015561991432331 
   0.960784313725490    0.803921568627451    0.011293117752299    0.011393600870100 
   0.882352941176471    0.764705882352941    0.018677937285234    0.018677937285234 
   0.921568627450980    0.803921568627451    0.011293117752299    0.011393600870100 
   0.960784313725490    0.882352941176471    0.007418074145917    0.007503103012017 
   0.882352941176471    0.882352941176471    0.010775733049173    0.010775733049173 
   0.921568627450980    0.921568627450980    0.005106643212411    0.005224382837997 
   0.960784313725490    0.960784313725490    0.002605195330938    0.002723348500658 
