   2.397895272798371   -2.744353934580468
   2.484906649788000   -2.854493580437783
   2.564949357461537   -2.953986834993370
   2.639057329615258   -3.044677387340311
   2.708050201102210   -3.127973858844618
   2.772588722239781   -3.204975455257623
   2.833213344056216   -3.276555641897723
   2.890371757896165   -3.343419516080609
   2.944438979166440   -3.406144156500528
   2.995732273553991   -3.465207639577519
   3.044522437723423   -3.521010320709649
   3.091042453358316   -3.573890718224483
   3.135494215929150   -3.624137556261151
   3.178053830347946   -3.671999025247765
   3.218875824868201   -3.717689994364424
   3.258096538021482   -3.761397694516318
   3.295836866004329   -3.803286243863426
   3.332204510175204   -3.843500286797635
   3.367295829986474   -3.882167946278038
   3.401197381662155   -3.919403238892154
   3.433987204485146   -3.955308065524633
   3.465735902799727   -3.989973863851489
   3.496507561466480   -4.023482989159216
   3.526360524616162   -4.055909875249837
   3.555348061489414   -4.087322016068085
   3.583518938456110   -4.117780800204188
   3.610917912644224   -4.147342223907301
   3.637586159726386   -4.176057503191463
   3.663561646129646   -4.203973601664357
   3.688879454113936   -4.231133687606042
   3.713572066704308   -4.257577531358755
   3.737669618283368   -4.283341852127888
   3.761200115693562   -4.308460621717794
   3.784189633918261   -4.332965331453767
   3.806662489770320   -4.356885227509213
   3.828641396489095   -4.380247519017143
   3.850147601710058   -4.403077562649021
   3.871201010907891   -4.425399026782599
   3.891820298110626   -4.447234037902985
   3.912023005428146   -4.468603311492656
   3.931825632724326   -4.489526269340303
   3.951243718581428   -4.510021144920572
   3.970291913552122   -4.530105078274064
   3.988984046564275   -4.549794201610911
   4.007333185232471   -4.569103716710351
   4.025351690735150   -4.588047965037358
   4.043051267834550   -4.606640491382920
   4.060443010546419   -4.624894101734581
   4.077537443905720   -4.642820915988701
