1.000000 1.000000
16
18
33
12
1:    0.000000000000000    0.000000000000000 
2:    1.000000000000000    0.000000000000000 
3:    2.000000000000000    0.000000000000000 
4:    3.000000000000000    0.000000000000000 
5:    0.000000000000000    1.000000000000000 
6:    1.000000000000000    1.000000000000000 
7:    2.000000000000000    1.000000000000000 
8:    3.000000000000000    1.000000000000000 
9:    0.000000000000000    2.000000000000000 
10:    1.000000000000000    2.000000000000000 
11:    2.000000000000000    2.000000000000000 
12:    3.000000000000000    2.000000000000000 
13:    0.000000000000000    3.000000000000000 
14:    1.000000000000000    3.000000000000000 
15:    2.000000000000000    3.000000000000000 
16:    3.000000000000000    3.000000000000000 
1: 1 2 5 
2: 2 5 6 
3: 2 3 6 
4: 3 6 7 
5: 3 4 7 
6: 4 7 8 
7: 5 6 9 
8: 6 9 10 
9: 6 7 10 
10: 7 10 11 
11: 7 8 11 
12: 8 11 12 
13: 9 10 13 
14: 10 13 14 
15: 10 11 14 
16: 11 14 15 
17: 11 12 15 
18: 12 15 16 
1: 2 5 
2: 2 6
3: 3 6
4: 3 7
5: 4 7
6: 5 6
7: 6 9
8: 6 7
9: 7 10
10: 7 10
11: 7 8
12: 8 11
13: 8 11
14: 9 10
15: 10 13
16: 10 11
17: 11 14
18: 11 14
19: 11 12
20: 12 15
21: 12 15
1: 1 2
2: 2 3
3: 3 4
4: 1 5
5: 4 8
6: 5 9
7: 8 12
8: 9 13
9: 12 16
10: 13 14
11: 14 15
12: 15 16
