   5.869876628632227    1.769833616350353    1.769833616350353    1.769833616350353 
  17.918373551387795    2.640519540935845    2.640519540933583    2.885826641786391 
  29.966870474143363    3.280249606759405    3.280249606757368    3.400092453925715 
  42.015367396898931    3.738035441763945    3.738035441764154    3.738035441764154 
  61.510244931265959    4.202111467774063    4.202111467780895    4.119203745187084 
  81.005122465632979    4.454576104493292    4.454576104508447    4.394512392989311 
 100.500000000000000    4.610157727476428    4.610157727499130    4.610157727499130 
 119.994877534367021    4.745312664123871    4.745312664150678    4.787449054657313 
 139.489755068734041    4.898225193681615    4.898225193706228    4.937991158197047 
 158.984632603101090    5.068807547241278    5.068807547254329    5.068807547254329 
 171.033129525856651    5.167924936150722    5.167924936150534    5.141857277654796 
 183.081626448612212    5.243527516135568    5.243527516116515    5.209932099559681 
 195.130123371367773    5.273666635403263    5.273666635358887    5.273666635358887 
