0  348.000000000000000  348.000000000000000 
1  209.647058823529392  212.736593306106840 
2  130.048442906574394  130.048442906574422 
3   78.345613677997150   79.500180197437857 
4   48.599418110415378   48.599418110415357 
5   29.277945595929751   29.709409900772631 
6   18.161720262715832   18.161720262715779 
7   10.941239184638146   11.102478440427143 
8    6.787078852502830    6.787078852502782 
9    4.088767584570657    4.149023085003916 
10    2.536347806471632    2.536347806471629 
11    1.527982349943347    1.550499976402848 
12    0.947839318681474    0.947839318681439 
13    0.571010705169108    0.579425596718019 
14    0.354209849195815    0.354209849195832 
15    0.213388083592598    0.216532748946526 
16    0.132369078592212    0.132369078592214 
17    0.079743643695487    0.080918812755103 
18    0.049466645287058    0.049466645287056 
19    0.029800392799672    0.030239556323706 
